           1   1.00000000       0.00000000       0.00000000       0.00000000    
           2  0.843999922      0.156000003      0.779999971      0.219999999    
           3  0.837599933      0.162399992      0.811999917      0.187999994    
           4  0.835039914      0.164959997      0.824799895      0.175199986    
           5  0.834015906      0.165983990      0.829919934      0.170079991    
           6  0.833606303      0.166393578      0.831967950      0.168031991    
           7  0.833442450      0.166557416      0.832787156      0.167212784    
           8  0.833376884      0.166622952      0.833114803      0.166885108    
           9  0.833350658      0.166649163      0.833245873      0.166754037    
          10  0.833340168      0.166659638      0.833298266      0.166701600    
          11  0.833335996      0.166663826      0.833319187      0.166680619    
          12  0.833334327      0.166665509      0.833327591      0.166672230    
          13  0.833333671      0.166666165      0.833330989      0.166668862    
          14  0.833333373      0.166666433      0.833332300      0.166667521    
          15  0.833333254      0.166666538      0.833332837      0.166666985    
          16  0.833333135      0.166666582      0.833333015      0.166666761    
          17  0.833333135      0.166666597      0.833333075      0.166666672    
          18  0.833333135      0.166666597      0.833333135      0.166666627    
          19  0.833333135      0.166666597      0.833333135      0.166666612    
          20  0.833333135      0.166666597      0.833333135      0.166666597    
          21  0.833333135      0.166666597      0.833333135      0.166666597    
          22  0.833333135      0.166666597      0.833333135      0.166666597    
          23  0.833333135      0.166666597      0.833333135      0.166666597    
          24  0.833333135      0.166666597      0.833333135      0.166666597    
          25  0.833333135      0.166666597      0.833333135      0.166666597    
          26  0.833333135      0.166666597      0.833333135      0.166666597    
          27  0.833333135      0.166666597      0.833333135      0.166666597    
          28  0.833333135      0.166666597      0.833333135      0.166666597    
          29  0.833333135      0.166666597      0.833333135      0.166666597    
          30  0.833333135      0.166666597      0.833333135      0.166666597    
          31  0.833333135      0.166666597      0.833333135      0.166666597    
          32  0.833333135      0.166666597      0.833333135      0.166666597    
          33  0.833333135      0.166666597      0.833333135      0.166666597    
          34  0.833333135      0.166666597      0.833333135      0.166666597    
          35  0.833333135      0.166666597      0.833333135      0.166666597    
          36  0.833333135      0.166666597      0.833333135      0.166666597    
          37  0.833333135      0.166666597      0.833333135      0.166666597    
          38  0.833333135      0.166666597      0.833333135      0.166666597    
          39  0.833333135      0.166666597      0.833333135      0.166666597    
          40  0.833333135      0.166666597      0.833333135      0.166666597    
          41  0.833333135      0.166666597      0.833333135      0.166666597    
          42  0.833333135      0.166666597      0.833333135      0.166666597    
          43  0.833333135      0.166666597      0.833333135      0.166666597    
          44  0.833333135      0.166666597      0.833333135      0.166666597    
          45  0.833333135      0.166666597      0.833333135      0.166666597    
          46  0.833333135      0.166666597      0.833333135      0.166666597    
          47  0.833333135      0.166666597      0.833333135      0.166666597    
          48  0.833333135      0.166666597      0.833333135      0.166666597    
          49  0.833333135      0.166666597      0.833333135      0.166666597    
          50  0.833333135      0.166666597      0.833333135      0.166666597    
          51  0.833333135      0.166666597      0.833333135      0.166666597    
          52  0.833333135      0.166666597      0.833333135      0.166666597    
          53  0.833333135      0.166666597      0.833333135      0.166666597    
          54  0.833333135      0.166666597      0.833333135      0.166666597    
          55  0.833333135      0.166666597      0.833333135      0.166666597    
          56  0.833333135      0.166666597      0.833333135      0.166666597    
          57  0.833333135      0.166666597      0.833333135      0.166666597    
          58  0.833333135      0.166666597      0.833333135      0.166666597    
          59  0.833333135      0.166666597      0.833333135      0.166666597    
          60  0.833333135      0.166666597      0.833333135      0.166666597    
          61  0.833333135      0.166666597      0.833333135      0.166666597    
          62  0.833333135      0.166666597      0.833333135      0.166666597    
          63  0.833333135      0.166666597      0.833333135      0.166666597    
          64  0.833333135      0.166666597      0.833333135      0.166666597    
          65  0.833333135      0.166666597      0.833333135      0.166666597    
          66  0.833333135      0.166666597      0.833333135      0.166666597    
          67  0.833333135      0.166666597      0.833333135      0.166666597    
          68  0.833333135      0.166666597      0.833333135      0.166666597    
          69  0.833333135      0.166666597      0.833333135      0.166666597    
          70  0.833333135      0.166666597      0.833333135      0.166666597    
          71  0.833333135      0.166666597      0.833333135      0.166666597    
          72  0.833333135      0.166666597      0.833333135      0.166666597    
          73  0.833333135      0.166666597      0.833333135      0.166666597    
          74  0.833333135      0.166666597      0.833333135      0.166666597    
          75  0.833333135      0.166666597      0.833333135      0.166666597    
          76  0.833333135      0.166666597      0.833333135      0.166666597    
          77  0.833333135      0.166666597      0.833333135      0.166666597    
          78  0.833333135      0.166666597      0.833333135      0.166666597    
          79  0.833333135      0.166666597      0.833333135      0.166666597    
          80  0.833333135      0.166666597      0.833333135      0.166666597    
          81  0.833333135      0.166666597      0.833333135      0.166666597    
          82  0.833333135      0.166666597      0.833333135      0.166666597    
          83  0.833333135      0.166666597      0.833333135      0.166666597    
          84  0.833333135      0.166666597      0.833333135      0.166666597    
          85  0.833333135      0.166666597      0.833333135      0.166666597    
          86  0.833333135      0.166666597      0.833333135      0.166666597    
          87  0.833333135      0.166666597      0.833333135      0.166666597    
          88  0.833333135      0.166666597      0.833333135      0.166666597    
          89  0.833333135      0.166666597      0.833333135      0.166666597    
          90  0.833333135      0.166666597      0.833333135      0.166666597    
          91  0.833333135      0.166666597      0.833333135      0.166666597    
          92  0.833333135      0.166666597      0.833333135      0.166666597    
          93  0.833333135      0.166666597      0.833333135      0.166666597    
          94  0.833333135      0.166666597      0.833333135      0.166666597    
          95  0.833333135      0.166666597      0.833333135      0.166666597    
          96  0.833333135      0.166666597      0.833333135      0.166666597    
          97  0.833333135      0.166666597      0.833333135      0.166666597    
          98  0.833333135      0.166666597      0.833333135      0.166666597    
          99  0.833333135      0.166666597      0.833333135      0.166666597    
         100  0.833333135      0.166666597      0.833333135      0.166666597    


 Percent sun state:    0.00000000    
           0  0.699999988    
           1  0.779999971    
           2  0.811999917    
           3  0.824799895    
           4  0.829919934    
           5  0.831967950    
           6  0.832787156    
           7  0.833114803    
           8  0.833245873    
           9  0.833298266    
          10  0.833319187    
          11  0.833327591    
          12  0.833330989    
          13  0.833332300    
          14  0.833332837    
          15  0.833333015    
          16  0.833333075    
          17  0.833333135    
          18  0.833333135    
          19  0.833333135    
          20  0.833333135    
          21  0.833333135    
          22  0.833333135    
          23  0.833333135    
          24  0.833333135    
          25  0.833333135    
          26  0.833333135    
          27  0.833333135    
          28  0.833333135    
          29  0.833333135    
          30  0.833333135    


 Percent sun state:   0.100000001    
           0  0.715999961    
           1  0.786399961    
           2  0.814559937    
           3  0.825823903    
           4  0.830329537    
           5  0.832131743    
           6  0.832852662    
           7  0.833140969    
           8  0.833256304    
           9  0.833302438    
          10  0.833320856    
          11  0.833328247    
          12  0.833331227    
          13  0.833332360    
          14  0.833332837    
          15  0.833333015    
          16  0.833333075    
          17  0.833333135    
          18  0.833333135    
          19  0.833333135    
          20  0.833333135    
          21  0.833333135    
          22  0.833333135    
          23  0.833333135    
          24  0.833333135    
          25  0.833333135    
          26  0.833333135    
          27  0.833333135    
          28  0.833333135    
          29  0.833333135    
          30  0.833333135    


 Percent sun state:   0.200000003    
           0  0.731999993    
           1  0.792800009    
           2  0.817119956    
           3  0.826847911    
           4  0.830739141    
           5  0.832295656    
           6  0.832918227    
           7  0.833167255    
           8  0.833266854    
           9  0.833306670    
          10  0.833322585    
          11  0.833328962    
          12  0.833331525    
          13  0.833332539    
          14  0.833332896    
          15  0.833333075    
          16  0.833333075    
          17  0.833333135    
          18  0.833333135    
          19  0.833333135    
          20  0.833333135    
          21  0.833333135    
          22  0.833333135    
          23  0.833333135    
          24  0.833333135    
          25  0.833333135    
          26  0.833333135    
          27  0.833333135    
          28  0.833333135    
          29  0.833333135    
          30  0.833333135    


 Percent sun state:   0.300000012    
           0  0.747999966    
           1  0.799199939    
           2  0.819679856    
           3  0.827871919    
           4  0.831148744    
           5  0.832459450    
           6  0.832983732    
           7  0.833193421    
           8  0.833277345    
           9  0.833310843    
          10  0.833324194    
          11  0.833329618    
          12  0.833331823    
          13  0.833332658    
          14  0.833332956    
          15  0.833333015    
          16  0.833333075    
          17  0.833333135    
          18  0.833333135    
          19  0.833333135    
          20  0.833333135    
          21  0.833333135    
          22  0.833333135    
          23  0.833333135    
          24  0.833333135    
          25  0.833333135    
          26  0.833333135    
          27  0.833333135    
          28  0.833333135    
          29  0.833333135    
          30  0.833333135    


 Percent sun state:   0.400000006    
           0  0.763999999    
           1  0.805599928    
           2  0.822239935    
           3  0.828895926    
           4  0.831558347    
           5  0.832623363    
           6  0.833049297    
           7  0.833219647    
           8  0.833287835    
           9  0.833315074    
          10  0.833325982    
          11  0.833330274    
          12  0.833332062    
          13  0.833332777    
          14  0.833333015    
          15  0.833333075    
          16  0.833333135    
          17  0.833333135    
          18  0.833333135    
          19  0.833333135    
          20  0.833333135    
          21  0.833333135    
          22  0.833333135    
          23  0.833333135    
          24  0.833333135    
          25  0.833333135    
          26  0.833333135    
          27  0.833333135    
          28  0.833333135    
          29  0.833333135    
          30  0.833333135    


 Percent sun state:   0.500000000    
           0  0.779999971    
           1  0.811999917    
           2  0.824799895    
           3  0.829919934    
           4  0.831967950    
           5  0.832787156    
           6  0.833114803    
           7  0.833245873    
           8  0.833298266    
           9  0.833319187    
          10  0.833327591    
          11  0.833330989    
          12  0.833332300    
          13  0.833332837    
          14  0.833333015    
          15  0.833333075    
          16  0.833333135    
          17  0.833333135    
          18  0.833333135    
          19  0.833333135    
          20  0.833333135    
          21  0.833333135    
          22  0.833333135    
          23  0.833333135    
          24  0.833333135    
          25  0.833333135    
          26  0.833333135    
          27  0.833333135    
          28  0.833333135    
          29  0.833333135    
          30  0.833333135    


 Percent sun state:   0.600000024    
           0  0.795999944    
           1  0.818399966    
           2  0.827359915    
           3  0.830943882    
           4  0.832377493    
           5  0.832950950    
           6  0.833180308    
           7  0.833272099    
           8  0.833308756    
           9  0.833323359    
          10  0.833329260    
          11  0.833331585    
          12  0.833332658    
          13  0.833332956    
          14  0.833333075    
          15  0.833333135    
          16  0.833333135    
          17  0.833333135    
          18  0.833333135    
          19  0.833333135    
          20  0.833333135    
          21  0.833333135    
          22  0.833333135    
          23  0.833333135    
          24  0.833333135    
          25  0.833333135    
          26  0.833333135    
          27  0.833333135    
          28  0.833333135    
          29  0.833333135    
          30  0.833333135    


 Percent sun state:   0.699999988    
           0  0.811999917    
           1  0.824799895    
           2  0.829919934    
           3  0.831967890    
           4  0.832787097    
           5  0.833114803    
           6  0.833245873    
           7  0.833298266    
           8  0.833319247    
           9  0.833327591    
          10  0.833330929    
          11  0.833332300    
          12  0.833332837    
          13  0.833333075    
          14  0.833333135    
          15  0.833333135    
          16  0.833333135    
          17  0.833333135    
          18  0.833333135    
          19  0.833333135    
          20  0.833333135    
          21  0.833333135    
          22  0.833333135    
          23  0.833333135    
          24  0.833333135    
          25  0.833333135    
          26  0.833333135    
          27  0.833333135    
          28  0.833333135    
          29  0.833333135    
          30  0.833333135    


 Percent sun state:   0.800000012    
           0  0.827999949    
           1  0.831199884    
           2  0.832479954    
           3  0.832991898    
           4  0.833196700    
           5  0.833278656    
           6  0.833311379    
           7  0.833324432    
           8  0.833329678    
           9  0.833331823    
          10  0.833332658    
          11  0.833332956    
          12  0.833333135    
          13  0.833333135    
          14  0.833333194    
          15  0.833333135    
          16  0.833333135    
          17  0.833333135    
          18  0.833333135    
          19  0.833333135    
          20  0.833333135    
          21  0.833333135    
          22  0.833333135    
          23  0.833333135    
          24  0.833333135    
          25  0.833333135    
          26  0.833333135    
          27  0.833333135    
          28  0.833333135    
          29  0.833333135    
          30  0.833333135    


 Percent sun state:   0.900000036    
           0  0.843999982    
           1  0.837599933    
           2  0.835039914    
           3  0.834015906    
           4  0.833606303    
           5  0.833442450    
           6  0.833376884    
           7  0.833350658    
           8  0.833340168    
           9  0.833335996    
          10  0.833334327    
          11  0.833333671    
          12  0.833333433    
          13  0.833333254    
          14  0.833333194    
          15  0.833333075    
          16  0.833333075    
          17  0.833333135    
          18  0.833333135    
          19  0.833333135    
          20  0.833333135    
          21  0.833333135    
          22  0.833333135    
          23  0.833333135    
          24  0.833333135    
          25  0.833333135    
          26  0.833333135    
          27  0.833333135    
          28  0.833333135    
          29  0.833333135    
          30  0.833333135    


 Percent sun state:    1.00000000    
           0  0.859999955    
           1  0.843999922    
           2  0.837599933    
           3  0.835039914    
           4  0.834015906    
           5  0.833606303    
           6  0.833442450    
           7  0.833376884    
           8  0.833350658    
           9  0.833340168    
          10  0.833335996    
          11  0.833334327    
          12  0.833333671    
          13  0.833333373    
          14  0.833333254    
          15  0.833333135    
          16  0.833333135    
          17  0.833333135    
          18  0.833333135    
          19  0.833333135    
          20  0.833333135    
          21  0.833333135    
          22  0.833333135    
          23  0.833333135    
          24  0.833333135    
          25  0.833333135    
          26  0.833333135    
          27  0.833333135    
          28  0.833333135    
          29  0.833333135    
          30  0.833333135    


