  0.861406744    
  0.647559643    
  0.964808464    
  0.827696323    
  0.465942323    
  0.991728306    
  0.688866615    
  0.959311962    
  0.773714542    
  0.851295948    
  0.613552570    
  0.561284065    
  0.999100208    
  0.945906162    
  0.886611938    
  0.990030289    
  0.862699032    
  0.798470080    
  0.310542136    
  0.428355187    
  0.950976372    
  0.343501091    
  0.939119399    
  0.924927235    
  0.991961479    
  0.961478233    
  0.800363064    
  0.955176830    
  0.998726845    
  0.993831635    
  0.923159599    
  0.812974036    
  0.958866596    
  0.930305481    
  0.669826508    
  0.883549690    
  0.843185902    
  0.977986813    
  0.206818119    
  0.796543121    
  0.906621456    
  0.983155727    
  0.997914791    
  0.822142601    
  0.898880959    
  0.903614521    
  0.846783161    
  0.302237540    
  0.873558044    
  0.999664307    
  0.807467937    
  0.571977615    
  0.909368992    
  0.931346893    
  0.973625660    
  0.676698685    
  0.845229566    
  0.961263180    
  0.837358475    
  0.933971882    
  0.459301502    
  0.829742908    
  0.876616061    
  0.762397766    
  0.751894951    
  0.992084026    
  0.926033497    
  0.875580311    
  0.921946049    
  0.957043648    
  0.925534248    
  0.979350090    
  0.922216892    
  0.860655308    
  0.927310467    
  0.891478062    
  0.967185974    
  0.847022057    
  0.797868729    
  0.773678243    
  0.516175330    
  0.822245121    
   5.57617992E-02
  0.680056095    
  0.493428200    
  0.946500301    
  0.917707443    
  0.991467953    
  0.778449535    
  0.868287563    
  0.645901203    
  0.298407584    
  0.706203938    
  0.645149708    
  0.765957832    
  0.954688072    
  0.997188568    
  0.315203130    
  0.875780106    
  0.562943935    
  0.818780422    
  0.598916531    
  0.893749237    
  0.997994900    
  0.447987050    
  0.976124763    
  0.662193775    
  0.816909313    
  0.985297203    
  0.721227646    
  0.338262528    
  0.990372658    
  0.891366959    
  0.828102589    
  0.732886314    
  0.598782063    
  0.792643070    
  0.578163147    
  0.976700306    
  0.913543224    
  0.887083530    
  0.898662567    
  0.917903900    
  0.765730381    
  0.975173473    
  0.916620255    
  0.716579437    
  0.948650360    
  0.799070835    
  0.493246973    
  0.896503448    
  0.988509178    
  0.549362659    
  0.788072109    
  0.958999157    
  0.122408845    
  0.499042451    
  0.989699841    
  0.928127289    
  0.927808762    
  0.549995899    
  0.956709862    
  0.965746403    
  0.898418427    
  0.971227646    
  0.470589668    
  0.813108444    
  0.238464788    
  0.681826115    
  0.672564507    
  0.957427502    
  0.999545097    
  0.980395794    
  0.940998554    
  0.797249794    
  0.984108925    
  0.842102051    
  0.935762405    
  0.964907169    
  0.908537388    
  0.900453091    
  0.584033489    
  0.869340897    
  0.954572678    
  0.708718300    
  0.816056252    
  0.990642071    
  0.859959066    
  0.171903640    
  0.356986552    
  0.989555836    
  0.973621368    
  0.583209515    
  0.762626648    
  0.717999935    
  0.796907425    
  0.914479733    
  0.818898201    
  0.962303638    
  0.916356087    
  0.741825581    
  0.823441029    
  0.745352745    
  0.595425606    
  0.592237473    
  0.989559650    
  0.974900723    
  0.611636639    
  0.631838799    
  0.981477261    
  0.924807549    
  0.878503382    
  0.658624172    
  0.803946495    
  0.798333168    
  0.966684341    
  0.718220711    
  0.877318382    
  0.448950261    
  0.841781616    
  0.701467514    
  0.808444440    
  0.975645065    
  0.657411098    
  0.944565296    
  0.948517323    
  0.740841866    
  0.938260078    
  0.727059364    
  0.932446003    
  0.770577908    
  0.998840332    
  0.988584518    
  0.857379913    
  0.962082386    
  0.978473663    
  0.506781638    
  0.612442493    
  0.990775585    
  0.828074932    
  0.988627434    
  0.980067730    
  0.576642513    
  0.961110592    
  0.904089451    
  0.812937737    
  0.977434635    
  0.876041949    
  0.900689125    
  0.514188766    
  0.811562002    
  0.731077671    
  0.547340870    
  0.999336243    
  0.990047455    
  0.910421848    
  0.930077553    
  0.597596645    
  0.971090794    
  0.550224781    
  0.928283691    
  0.987630367    
  0.835356712    
  0.776930809    
  0.858040333    
  0.975040436    
  0.956385136    
  0.659242630    
  0.925551891    
  0.890287399    
  0.998713017    
  0.774065018    
  0.958739758    
  0.942326069    
  0.782038212    
  0.983738422    
  0.961967468    
  0.679576874    
  0.979658127    
  0.896165371    
  0.983249664    
  0.930416584    
  0.557338238    
  0.588776112    
  0.511424541    
  0.654567719    
  0.966260433    
  0.765112400    
  0.805479050    
  0.807841778    
  0.707748413    
  0.780012608    
  0.893549442    
  0.881743431    
  0.547031403    
  0.961975574    
  0.525226176    
  0.991212845    
  0.907708168    
  0.813206136    
  0.926710606    
  0.534975588    
  0.821416855    
  0.876293123    
  0.984060287    
  0.678382397    
  0.681827545    
  0.543643951    
  0.744158745    
  0.534966528    
  0.966352940    
  0.634840488    
  0.678260803    
  0.865897179    
  0.776533604    
  0.745383739    
  0.926749229    
  0.886407375    
  0.792260230    
  0.953497887    
  0.726463854    
  0.946953773    
  0.878031731    
  0.976361752    
  0.829641819    
  0.994935989    
  0.954100132    
  0.926461220    
  0.755820751    
  0.942427635    
  0.861299574    
  0.729443550    
  0.893758297    
  0.187626421    
  0.869500637    
  0.694204330    
  0.885894775    
  0.857493877    
  0.932329655    
  0.927454948    
  0.949555397    
  0.991365910    
  0.721103668    
  0.534651756    
  0.802382946    
  0.785334587    
  0.418633014    
  0.721553326    
  0.974209785    
  0.996956348    
  0.789377213    
  0.978228569    
  0.859045088    
  0.760619104    
  0.981556416    
  0.625071526    
  0.858547211    
  0.916498244    
  0.978020668    
  0.855331421    
  0.945760250    
  0.665543079    
  0.983838558    
  0.935307503    
  0.427048653    
  0.683603287    
  0.919479370    
  0.966262341    
  0.953356266    
  0.721902370    
  0.904858649    
  0.824764252    
  0.994221687    
  0.897220612    
  0.506098270    
  0.929372787    
  0.960256100    
  0.642585754    
  0.887839794    
  0.963154793    
  0.840805054    
  0.987156391    
  0.886382580    
  0.740123749    
  0.905892372    
  0.831793308    
  0.748452663    
  0.891016960    
  0.990495205    
  0.957810879    
  0.851775646    
  0.990617752    
  0.522490501    
  0.528585911    
  0.726801872    
  0.485614806    
  0.828810692    
  0.476208180    
  0.850340843    
  0.981137276    
  0.662325859    
  0.783240318    
  0.844351768    
  0.377570212    
  0.893533707    
  0.723226547    
  0.666498184    
  0.712860107    
  0.674108505    
  0.433849394    
  0.849605560    
  0.630557060    
  0.994940281    
  0.966942310    
  0.266785592    
  0.939572334    
  0.808660030    
  0.938390255    
  0.471078813    
  0.964119911    
  0.581171989    
  0.985493660    
  0.980130196    
  0.426104605    
  0.996432304    
  0.555337429    
  0.252030343    
  0.750272274    
  0.968004704    
  0.859950066    
  0.977287292    
  0.939449787    
  0.927316606    
  0.740739822    
  0.521059036    
  0.984447956    
  0.799393654    
  0.647812843    
  0.955052853    
  0.945280552    
  0.877329826    
  0.394932270    
  0.718865871    
  0.813225806    
  0.692412853    
  0.792995930    
  0.878792286    
  0.975647449    
  0.880208492    
  0.963366032    
  0.916113853    
  0.252135783    
  0.969682693    
  0.817119122    
  0.986363888    
  0.608761787    
  0.905777454    
  0.896473408    
  0.652184963    
  0.811882019    
  0.631949425    
  0.857013226    
  0.725624084    
  0.801328182    
  0.868878424    
  0.939473569    
  0.933527470    
  0.996446609    
  0.993370533    
  0.893992901    
  0.982782841    
  0.970405102    
  0.933384418    
  0.927176952    
  0.870467722    
  0.775016308    
  0.967078209    
  0.984686375    
  0.896529675    
  0.935287952    
  0.789859295    
  0.967910290    
  0.814133167    
  0.900784016    
  0.974064827    
  0.721228600    
  0.501280844    
  0.891759396    
  0.963591099    
  0.810956478    
  0.934449673    
  0.197291330    
  0.714790821    
  0.988987446    
  0.811643600    
  0.933036327    
  0.711588860    
  0.913013935    
  0.748683929    
  0.974781513    
  0.847714901    
  0.999670029    
  0.980879784    
  0.991687775    
  0.364472389    
  0.944325924    
  0.995483398    
  0.681727886    
  0.635917664    
  0.654567242    
  0.598783016    
  0.990258217    
  0.817498207    
  0.982998371    
  0.941237986    
  0.497359306    
  0.910214424    
  0.864021778    
  0.888652325    
  0.233793259    
  0.727669716    
  0.890313148    
  0.888073921    
  0.858440399    
  0.992538929    
  0.993952751    
  0.937687397    
  0.748362541    
  0.786524773    
  0.985864162    
  0.782356739    
  0.752756178    
  0.789523125    
  0.573201180    
  0.999223232    
  0.951724052    
  0.915280342    
  0.633301258    
  0.795733452    
  0.471551418    
  0.922414780    
  0.982059956    
  0.999565601    
  0.123388298    
  0.662653446    
  0.705600739    
  0.460248441    
  0.805607796    
  0.856185436    
  0.798336983    
  0.954070568    
  0.704821110    
  0.970772266    
  0.784638464    
  0.679934978    
  0.443965405    
  0.507639885    
  0.893180370    
  0.878068924    
  0.539752483    
  0.803102970    
  0.908037663    
  0.961114883    
  0.975265980    
  0.899139881    
  0.979187965    
  0.598427773    
  0.871959209    
  0.955021858    
  0.701225281    
  0.828684330    
  0.797014296    
  0.441437215    
  0.988107681    
  0.793330193    
  0.804032803    
  0.571412563    
  0.505591393    
  0.817101955    
  0.400421143    
  0.760503292    
  0.811785698    
  0.890183449    
  0.564393520    
  0.754902363    
  0.917711258    
  0.753136158    
  0.912231445    
  0.953842163    
  0.964588165    
  0.777359486    
  0.972324848    
  0.796895504    
  0.972558975    
  0.776653767    
  0.780133724    
  0.888186932    
  0.768952429    
  0.378281087    
  0.677278996    
  0.961502552    
  0.998339176    
  0.589858055    
  0.799850464    
  0.296657503    
  0.826762676    
  0.882330418    
  0.966009617    
  0.892364979    
  0.599121094    
  0.954582214    
  0.990404606    
  0.826275349    
  0.594257355    
  0.924679756    
  0.554282665    
  0.971019268    
  0.999555111    
  0.277116776    
  0.948264122    
  0.819284916    
  0.675421238    
  0.790695190    
  0.891168594    
  0.757619381    
  0.990523815    
  0.977913380    
  0.894498348    
  0.711577415    
  0.926226616    
  0.908430576    
  0.942221642    
  0.946954727    
  0.888418198    
  0.345789880    
  0.659807205    
  0.745736122    
  0.768084109    
  0.760155201    
  0.787643433    
  0.987539768    
  0.899106979    
  0.759192467    
  0.822494507    
  0.877198219    
  0.973520279    
  0.809636593    
  0.881149769    
  0.769990444    
  0.376265526    
  0.679587841    
  0.790498257    
  0.918630600    
  0.921954155    
  0.927092552    
  0.628778458    
  0.916006088    
  0.511440694    
  0.633758545    
  0.955910683    
  0.357536823    
  0.791780949    
  0.872594357    
  0.977774620    
  0.511176109    
  0.913742542    
  0.843406737    
  0.819277287    
  0.873164237    
  0.140974537    
  0.641249180    
  0.974201679    
  0.818563402    
  0.966357708    
  0.945393085    
  0.679558754    
  0.652072430    
  0.895806372    
  0.917080402    
  0.904346943    
  0.809612751    
  0.495386124    
  0.849261701    
  0.991937160    
  0.755740225    
  0.920656681    
  0.991131306    
  0.971356392    
  0.875322819    
  0.933627605    
  0.866513312    
  0.975517750    
  0.940909863    
  0.901499271    
  0.354602307    
  0.634220123    
  0.598794937    
  0.500380039    
  0.725167751    
  0.734183788    
  0.669106007    
  0.998118877    
  0.712998390    
  0.906632900    
  0.996233463    
  0.989770412    
  0.963118553    
  0.967412949    
  0.784186840    
  0.681376934    
  0.685410976    
  0.823918343    
  0.869246900    
  0.929817200    
  0.656137943    
  0.979815006    
  0.820197999    
  0.920182228    
  0.854115963    
  0.997755527    
  0.776315212    
  0.880770683    
  0.573439121    
  0.793802261    
  0.863989353    
  0.918399811    
  0.761210442    
  0.997893810    
  0.717873096    
  0.883536339    
  0.999889374    
  0.660295963    
  0.985844135    
  0.543187141    
  0.818889618    
  0.805961072    
  0.542023182    
  0.279013157    
  0.741182327    
  0.671618938    
  0.783956051    
  0.881958008    
  0.664078712    
  0.995166779    
  0.533815801    
  0.914847851    
  0.264166892    
  0.916864395    
  0.995261192    
  0.758595884    
  0.685502052    
  0.762053490    
  0.957454205    
  0.523793638    
  0.786431313    
  0.991830349    
  0.899234772    
  0.457034588    
  0.988818169    
  0.793925345    
  0.735726297    
  0.774859428    
  0.756923676    
  0.932182312    
  0.842505038    
  0.980370522    
  0.985640049    
  0.941835403    
  0.939685822    
  0.793335438    
  0.971941471    
  0.697304249    
  0.902429104    
  0.820826530    
  0.704658031    
  0.851266325    
  0.907331944    
  0.993116379    
  0.570826530    
  0.820595741    
  0.862694263    
  0.944808483    
  0.502714097    
  0.697747707    
  0.930188715    
  0.750355721    
  0.897112846    
  0.773109913    
  0.775967121    
  0.643253326    
  0.522038937    
  0.921989918    
  0.924080372    
  0.797153950    
  0.908512115    
  0.973126888    
  0.442763329    
  0.630634308    
  0.901037216    
  0.871025503    
  0.692664623    
  0.854830265    
  0.885699749    
  0.846264839    
  0.937414169    
  0.658512115    
  0.920789242    
  0.833796978    
  0.722059250    
  0.822626591    
  0.864020824    
  0.943976402    
  0.535082340    
  0.824257374    
  0.637539387    
  0.736095846    
  0.977630615    
  0.956243515    
  0.640885830    
  0.993748188    
  0.596005917    
  0.980049133    
  0.785576344    
  0.941005707    
  0.584843159    
  0.946610928    
  0.940522671    
  0.702794552    
  0.685647011    
  0.553880215    
  0.531033993    
  0.724799097    
  0.911859035    
  0.936700344    
  0.921021044    
  0.193196267    
  0.809658527    
  0.903903008    
  0.794614315    
  0.262823045    
  0.630419254    
  0.958976269    
  0.930428982    
  0.678494453    
  0.945899487    
  0.841755867    
  0.468095779    
  0.885329247    
  0.566615582    
  0.342349023    
  0.987785816    
  0.796810150    
  0.792989731    
  0.514498234    
  0.908411503    
  0.850809574    
  0.895416260    
  0.841990471    
  0.596242905    
  0.603170395    
  0.859122276    
  0.198675647    
  0.866492748    
  0.866284370    
  0.684920788    
  0.805108547    
  0.971563339    
  0.853632927    
  0.559272289    
  0.865306914    
  0.176689178    
  0.815078259    
  0.830353260    
  0.676933289    
  0.877199173    
  0.979944706    
  0.910071373    
  0.432283819    
  0.350767136    
  0.791528225    
  0.731221676    
  0.927325726    
  0.927462578    
  0.835432053    
  0.975734711    
  0.795807362    
  0.365272522    
  0.836911201    
  0.896488130    
  0.445998162    
  0.990627766    
  0.953013420    
  0.997673988    
  0.735381603    
  0.944116116    
  0.979823589    
  0.766941071    
  0.187970668    
  0.842025280    
  0.869023323    
  0.992772102    
  0.874713421    
  0.959070683    
  0.514046669    
  0.859747887    
  0.863781929    
  0.983472347    
  0.908177376    
  0.846177578    
  0.990036011    
  0.957783222    
  0.832259178    
  0.975524426    
  0.950148582    
  0.977765083    
  0.541032314    
  0.867586195    
  0.887475014    
  0.306759834    
  0.988748550    
  0.945039272    
  0.663476467    
  0.899328709    
  0.740040243    
  0.903768539    
  0.674833775    
  0.928040504    
  0.700621605    
  0.921154499    
  0.948633671    
  0.998482227    
  0.960289955    
  0.269991457    
  0.981250763    
  0.749886513    
  0.473912269    
  0.817753792    
  0.702644825    
  0.573516369    
  0.733692646    
  0.758477688    
  0.931493819    
  0.175749242    
  0.958053112    
  0.802392960    
  0.847249568    
  0.950171471    
  0.497238696    
  0.832825661    
  0.927220345    
  0.866495132    
  0.299270689    
  0.974945545    
  0.840229988    
  0.805810928    
  0.983981609    
  0.733938694    
  0.895452976    
  0.889216423    
  0.651372910    
  0.940039158    
  0.942939281    
  0.983368874    
  0.811767578    
  0.918393612    
  0.799530029    
  0.952444494    
  0.968366146    
  0.733736992    
  0.693349838    
  0.977079391    
  0.813199997    
  0.935306072    
  0.776777327    
  0.917658806    
  0.467300862    
  0.947298527    
  0.791545391    
  0.933621407    
  0.376953065    
  0.941149235    
  0.946946144    
  0.861999035    
  0.894697189    
  0.877600670    
  0.906236172    
  0.780021667    
  0.970637321    
  0.934595585    
  0.780578136    
  0.983225822    
  0.788588524    
  0.889704704    
  0.996603489    
  0.971560955    
  0.995018005    
  0.994429111    
  0.975755692    
  0.921362877    
  0.914971352    
  0.776895046    
  0.944666386    
  0.944788456    
  0.613863945    
  0.899384499    
  0.975978851    
  0.751535416    
  0.759683132    
  0.745590210    
  0.887600899    
  0.794990063    
  0.781318188    
  0.950644016    
  0.874847889    
  0.773723125    
  0.767623901    
  0.840698242    
  0.537935734    
  0.849127293    
  0.719685555    
  0.804978848    
  0.695748329    
  0.911760807    
  0.568453312    
  0.828209400    
  0.872912407    
  0.678730965    
  0.328880280    
  0.997417927    
  0.958766460    
  0.794894218    
  0.735744894    
  0.908070624    
  0.832383633    
  0.982205868    
  0.831169605    
  0.428930223    
  0.806056976    
  0.836382449    
  0.868303776    
  0.553426743    
  0.791563511    
  0.717316628    
  0.299352586    
  0.859043121    
  0.142432153    
  0.911280155    
  0.803115368    
  0.932209015    
  0.993955135    
  0.987201691    
  0.970973492    
  0.963601589    
  0.785862446    
  0.897110939    
  0.889949322    
  0.904242516    
  0.516049385    
  0.904860973    
  0.740729809    
  0.981103420    
  0.399932384    
  0.706705093    
  0.690649033    
  0.814508379    
  0.969111919    
  0.871734142    
  0.901875496    
  0.916482031    
  0.962424278    
  0.890178680    
  0.776572704    
  0.874395370    
  0.756794035    
  0.879504681    
  0.855470181    
  0.988936424    
  0.859595299    
  0.526389122    
  0.918526649    
  0.989072800    
  0.772959709    
  0.765006065    
  0.945778847    
  0.657331944    
  0.730028152    
  0.800018311    
  0.965047836    
  0.397210151    
  0.728332520    
  0.983837605    
  0.951018810    
  0.746679306    
  0.302607059    
  0.870448589    
  0.826541424    
  0.953742981    
  0.982686043    
  0.653739452    
  0.988222122    
  0.908863068    
  0.970271111    
  0.857250690    
  0.232014179    
  0.990644932    
  0.199287459    
  0.312461853    
  0.932892323    
  0.759162426    
  0.576160431    
  0.995359898    
  0.729679585    
  0.965969086    
  0.708828390    
  0.902333260    
  0.967042446    
  0.861995697    
  0.707547188    
  0.905518055    
  0.998841763    
  0.907541752    
  0.964941025    
  0.845547199    
  0.956622124    
  0.606606960    
  0.954559803    
  0.905075133    
  0.799864292    
  0.378290683    
  0.789428651    
  0.131117880    
  0.928875446    
  0.957815170    
  0.910425186    
  0.993623257    
  0.944465637    
  0.641982555    
  0.533812106    
  0.959565639    
  0.950031757    
  0.474881589    
  0.808231354    
  0.935660362    
  0.574850082    
  0.977778912    
  0.809531212    
  0.924482822    
  0.744915485    
  0.992509365    
  0.596240997    
  0.641631603    
  0.883514881    
  0.720269203    
  0.996683598    
  0.452387303    
  0.929321289    
  0.973622322    
  0.776567459    
  0.991344929    
  0.962553978    
  0.884233952    
  0.882846355    
  0.562471390    
  0.475364745    
  0.872805595    
  0.833090782    
  0.974189281    
  0.934117317    
  0.573427677    
  0.723981380    
  0.700860977    
  0.998030186    
  0.822387218    
  0.983958721    
  0.566775322    
  0.925894737    
  0.970397472    
  0.805927217    
  0.656968594    
  0.726345062    
  0.487260342    
  0.866273880    
  0.507467330    
  0.746330261    
  0.964330196    
  0.837120056    
  0.872601986    
  0.155841395    
  0.871883869    
  0.939577579    
  0.655319691    
  0.890305519    
  0.845706999    
  0.969334126    
  0.895671844    
  0.670519352    
  0.978258610    
  0.247368798    
  0.979705811    
  0.868507862    
  0.956026554    
  0.855898321    
  0.606028557    
  0.956926346    
  0.981127262    
  0.871405661    
  0.998151779    
  0.904844761    
  0.993832111    
  0.855453014    
  0.503948689    
  0.999882698    
  0.761229992    
  0.944314480    
  0.718814373    
  0.978243828    
  0.867579460    
  0.943882465    
  0.994540215    
  0.767489910    
  0.888170242    
  0.925544262    
  0.953016758    
  0.956260681    
  0.534646511    
  0.922469616    
  0.465385437    
  0.988122940    
  0.994088650    
  0.871770799    
  0.626370430    
  0.683618546    
  0.549360752    
  0.987769127    
  0.965905666    
  0.938383579    
  0.656239033    
  0.983362198    
  0.982322693    
  0.930763245    
  0.987434864    
  0.924674988    
  0.828293324    
  0.951217175    
  0.281736881    
  0.641617775    
  0.769300461    
  0.969356060    
  0.959333897    
  0.489648342    
  0.911523342    
  0.671857834    
  0.822601318    
  0.925284386    
  0.872694016    
  0.849280834    
  0.838059902    
  0.888996601    
  0.932455063    
  0.269951284    
  0.862014771    
  0.627343655    
  0.867723942    
  0.982678413    
  0.737138748    
  0.954068184    
  0.572572231    
   2.25576852E-02
  0.735829830    
  0.844234943    
   7.27820769E-02
  0.956967831    
   8.94461274E-02
  0.771287441    
  0.926618099    
  0.303757131    
  0.725726604    
  0.868984163    
  0.752896786    
  0.767629147    
  0.695645809    
  0.942922592    
  0.723723412    
  0.854613304    
  0.840784550    
  0.125641331    
  0.987052441    
  0.856163979    
  0.350327939    
  0.992981434    
  0.972394466    
  0.884358466    
  0.863058567    
  0.945028305    
  0.947426796    
  0.826059341    
  0.975536346    
  0.886879921    
  0.747900963    
  0.668756008    
  0.644470215    
  0.869964123    
  0.857715607    
  0.527617395    
  0.954716682    
  0.904142857    
  0.949099064    
  0.935627937    
  0.303408653    
  0.526671350    
  0.342347115    
  0.823941708    
  0.373842746    
  0.973717213    
  0.706351280    
  0.886843681    
  0.660313606    
  0.469672203    
  0.703486443    
  0.934251785    
  0.728003025    
  0.264862984    
  0.961003304    
  0.852122784    
  0.849131107    
  0.855698109    
  0.977921009    
  0.655548096    
  0.663139820    
  0.771059036    
  0.720006943    
  0.604465008    
  0.761897087    
  0.744431078    
  0.687757969    
  0.230087698    
  0.664834023    
  0.607314587    
  0.848678589    
  0.782284737    
  0.606982708    
  0.851546288    
  0.537467480    
  0.964083672    
  0.870093822    
  0.960422039    
  0.572124958    
  0.671125412    
  0.962089539    
  0.607823849    
  0.625174999    
  0.939929962    
  0.492869854    
  0.993820667    
  0.968746185    
  0.687301636    
  0.259985894    
  0.489975005    
  0.619383335    
  0.766811848    
  0.454546899    
  0.927696288    
  0.943253994    
  0.786811352    
  0.685764790    
  0.577952385    
  0.820824623    
  0.555223942    
  0.920082092    
  0.895698547    
  0.434890300    
  0.893784523    
  0.621710300    
  0.907099247    
  0.793544292    
  0.969461441    
  0.799274445    
  0.949212551    
  0.805479050    
  0.650658131    
  0.834652424    
  0.929827690    
  0.827720642    
   7.46717528E-02
  0.975490570    
  0.515009344    
  0.890321255    
  0.802006721    
  0.399828911    
  0.830804884    
  0.847369194    
  0.943024635    
  0.743934155    
  0.377676517    
  0.711591721    
  0.983027935    
  0.898312092    
  0.971093655    
  0.592816830    
  0.832002640    
  0.709170341    
  0.736681938    
  0.818820953    
  0.420506418    
  0.893735886    
  0.897447586    
  0.885060310    
  0.949352264    
  0.824160516    
  0.987085819    
  0.837222099    
  0.806660175    
  0.927572250    
  0.808447361    
  0.869490623    
  0.514995039    
  0.900781631    
  0.297235996    
  0.698627949    
  0.769061089    
  0.892233849    
  0.971847534    
  0.957783699    
  0.878517628    
  0.958233833    
  0.983145714    
  0.939598083    
  0.932677269    
  0.950175762    
  0.939802647    
  0.504427910    
  0.959708214    
  0.591502666    
  0.704933167    
  0.804894924    
  0.931385994    
  0.781888962    
  0.886268616    
  0.926969528    
  0.915282249    
  0.600418091    
  0.568532944    
  0.981965542    
  0.926579952    
  0.856052399    
  0.986369133    
  0.951726437    
  0.994080067    
  0.993381500    
  0.796439171    
  0.808820724    
  0.639569283    
  0.885415554    
  0.886122704    
  0.796410561    
  0.546885967    
  0.645289421    
  0.397763759    
  0.995371342    
  0.974811077    
  0.961348057    
  0.899923801    
  0.487287521    
  0.860900879    
  0.985261917    
  0.676237106    
  0.456095219    
  0.901646614    
  0.998112679    
  0.907543659    
  0.745235920    
  0.810932159    
  0.974668026    
  0.960393906    
  0.696093559    
  0.768560410    
  0.578072071    
  0.972075462    
  0.500606060    
  0.873073101    
  0.964681625    
  0.959560394    
  0.973022938    
  0.893289089    
  0.903036594    
  0.749769688    
  0.789514065    
  0.242836028    
  0.945795536    
  0.869472027    
  0.988240242    
  0.992178917    
  0.525582790    
  0.654327393    
  0.436713219    
  0.969118595    
  0.893393040    
  0.889236450    
  0.878170967    
  0.451214820    
  0.755866051    
  0.348901689    
  0.855782032    
  0.952669144    
  0.532863081    
  0.636953831    
  0.909022331    
  0.836743355    
  0.945035934    
  0.778117657    
  0.573791027    
  0.517110348    
  0.857929707    
  0.954121113    
  0.602814198    
  0.916975498    
  0.735122681    
  0.994447231    
  0.820119381    
  0.700745106    
  0.881166458    
  0.312242061    
  0.918063641    
  0.440950871    
  0.920922279    
  0.843182564    
  0.927900314    
  0.975844860    
  0.884628296    
  0.513236046    
  0.983626366    
  0.689078331    
  0.812622070    
  0.651815414    
  0.641235352    
  0.473348141    
  0.638625622    
  0.746421814    
  0.633149147    
  0.892913342    
  0.923865318    
  0.790830135    
  0.727404594    
  0.949193478    
  0.722029686    
  0.801085472    
  0.823650360    
  0.715360582    
  0.833564281    
  0.858758926    
  0.619729042    
  0.908496320    
  0.663615704    
  0.747251987    
  0.994664192    
  0.389584512    
  0.992511749    
  0.999299049    
  0.641602039    
  0.942312717    
  0.565579891    
  0.999779701    
  0.676384449    
  0.750609398    
  0.868654191    
  0.839010298    
  0.831035137    
  0.921242237    
  0.974419117    
  0.977541447    
  0.751820624    
  0.983492374    
  0.803947926    
  0.862004280    
  0.963047981    
  0.974942684    
  0.900806427    
  0.836172581    
  0.937703133    
  0.854136944    
  0.662880421    
  0.939955711    
  0.980744362    
  0.718493462    
  0.427278459    
  0.857218742    
  0.331145763    
  0.904371262    
  0.886274815    
  0.940914631    
  0.884343147    
  0.891039371    
  0.835481644    
  0.705534458    
  0.835352421    
  0.929837227    
  0.820574284    
  0.926345348    
  0.283285111    
  0.559285164    
  0.866251945    
  0.999893665    
  0.858068466    
  0.853301048    
  0.677201271    
  0.920293808    
  0.793555260    
  0.745751858    
  0.542849064    
  0.939446449    
  0.884734631    
  0.967782497    
  0.879823208    
  0.889694214    
  0.968009472    
   3.95884290E-02
  0.495134354    
  0.946390629    
  0.882597446    
  0.987880707    
  0.806663513    
  0.944692612    
  0.404459924    
  0.767633915    
  0.764774382    
  0.949953556    
  0.688620567    
  0.467888325    
  0.776910782    
  0.842107713    
  0.617319584    
  0.936460018    
  0.927563190    
  0.880575657    
  0.945666313    
  0.802115917    
  0.194530055    
  0.981609821    
  0.922319412    
  0.970543861    
  0.851400375    
  0.743818283    
  0.728372574    
  0.908389568    
  0.731235981    
  0.979932308    
  0.947569847    
  0.905213356    
  0.670262814    
  0.936126709    
  0.812143803    
  0.942583561    
  0.905198574    
  0.778698921    
  0.655782223    
  0.242950857    
  0.502838075    
  0.779273987    
  0.906836033    
  0.985127449    
  0.725401878    
  0.977041245    
  0.952054024    
  0.988374710    
  0.710974216    
  0.858644009    
  0.974801540    
  0.833453178    
  0.675053120    
  0.794490814    
  0.527719498    
  0.288880378    
  0.979781151    
  0.379089385    
  0.911854744    
  0.980300903    
  0.908259392    
  0.910300314    
  0.890552521    
  0.903863907    
  0.937080383    
  0.862239361    
  0.937062740    
  0.949337959    
  0.774891376    
  0.958503246    
  0.983864784    
  0.973851204    
  0.880173683    
  0.566071510    
  0.134290218    
  0.765483916    
  0.963613033    
  0.961453915    
  0.735474527    
  0.976928711    
  0.982639790    
  0.563417912    
  0.791547298    
  0.902444363    
  0.950999737    
  0.882482529    
  0.372299194    
  0.838687897    
  0.773115158    
  0.795133591    
  0.853650987    
  0.941586018    
  0.999085426    
  0.843097627    
  0.947460651    
  0.696685314    
  0.971012115    
  0.705963612    
  0.594584942    
  0.980169296    
  0.951742172    
  0.947900772    
  0.720171452    
  0.825964391    
  0.836899281    
  0.912943840    
  0.619338512    
  0.840818882    
  0.976467133    
  0.955262661    
  0.956599712    
  0.988237858    
  0.685854435    
  0.483115643    
  0.913624287    
  0.951139927    
  0.938999176    
  0.480618924    
  0.999888897    
  0.697057724    
  0.780980110    
  0.817951202    
  0.895428658    
  0.833191395    
  0.905548096    
  0.866365910    
  0.812589645    
  0.803578854    
  0.941598415    
  0.893624783    
  0.785944462    
  0.826399326    
  0.645656586    
  0.927209854    
  0.891129971    
  0.879108429    
  0.913760185    
  0.866881788    
  0.969108582    
  0.939689159    
  0.938382626    
  0.817700863    
  0.746799946    
  0.384436637    
  0.951113224    
  0.936629295    
  0.938617229    
  0.705970764    
  0.993253708    
  0.862827778    
  0.941217422    
  0.905416489    
  0.767513752    
  0.987516403    
  0.956482887    
  0.989190102    
  0.983471394    
  0.989423275    
  0.913420200    
  0.943249226    
  0.983364582    
  0.685624599    
  0.911838531    
  0.841151237    
  0.483131409    
  0.436951697    
  0.561853886    
  0.824656010    
  0.889139652    
  0.817014217    
  0.869594574    
  0.900539398    
  0.640299797    
  0.328988135    
  0.899715424    
  0.770377636    
  0.511666298    
  0.951112270    
  0.233558670    
  0.963349819    
  0.755244732    
  0.924798489    
  0.443951637    
  0.651841640    
  0.924457073    
  0.961706638    
  0.929807663    
  0.529871464    
  0.558904171    
  0.590057850    
  0.840798318    
  0.958047867    
  0.968588352    
  0.493447721    
  0.490242451    
  0.731831551    
  0.854115009    
  0.709905148    
  0.995370865    
  0.838923454    
  0.945156097    
  0.583077431    
  0.990034103    
  0.965272903    
  0.793698311    
  0.996603489    
  0.782400608    
  0.942687511    
  0.449173927    
  0.665172100    
  0.884103775    
  0.983612537    
  0.931836128    
  0.973361015    
  0.862825871    
  0.844130039    
  0.557372570    
  0.887311459    
  0.142557099    
  0.508218288    
  0.940319538    
  0.715842724    
  0.912917137    
  0.559158802    
  0.687305927    
  0.990627289    
  0.905922413    
  0.859363556    
  0.708478928    
  0.987984657    
  0.520114362    
  0.748965740    
  0.552575588    
  0.280939549    
  0.955549240    
  0.670743942    
  0.947679043    
  0.270354748    
  0.937306941    
  0.948494434    
  0.820677280    
  0.518577158    
  0.936111927    
  0.932805061    
  0.871610165    
  0.969332695    
   7.59052783E-02
  0.761886120    
  0.983952522    
  0.999886513    
  0.752662182    
  0.522636831    
  0.715392590    
  0.808206618    
  0.830818653    
  0.932698727    
  0.361607075    
  0.872488022    
  0.902317524    
  0.529986799    
  0.841178417    
  0.831743717    
  0.958371639    
  0.991714001    
  0.937544823    
  0.828296661    
  0.364132881    
  0.982904911    
  0.179989830    
  0.965610027    
  0.920795381    
  0.615883827    
  0.795928001    
  0.913620949    
  0.768220901    
  0.390991241    
  0.909100056    
  0.911007881    
  0.397071302    
  0.643417835    
  0.350671798    
  0.949071884    
  0.703272343    
  0.230583146    
  0.995143890    
  0.645050049    
  0.761540830    
  0.605532169    
  0.466782153    
  0.812254906    
  0.930752277    
  0.700015545    
  0.938979626    
  0.685150623    
  0.941241741    
  0.538701952    
  0.887099266    
  0.868541718    
  0.978044033    
  0.949796200    
  0.639008045    
  0.694467545    
  0.926824570    
  0.632431507    
  0.756329536    
  0.991809845    
  0.258665562    
  0.426707774    
  0.747859001    
  0.956970692    
  0.806900978    
  0.539164603    
  0.802873135    
  0.637902737    
  0.457753628    
  0.405298710    
  0.921945095    
  0.280077934    
  0.168951511    
  0.816903114    
  0.617797852    
  0.975017548    
  0.897123337    
  0.477854759    
  0.954234600    
  0.809855938    
  0.388851643    
  0.963951111    
  0.880685329    
  0.955025673    
  0.776340961    
  0.954920769    
  0.977680683    
  0.921732426    
  0.782505512    
  0.992437840    
  0.490496159    
  0.999578953    
  0.903498650    
  0.795240343    
  0.964318275    
  0.873271465    
  0.503459394    
  0.572841644    
  0.972767830    
  0.953763962    
  0.375435889    
  0.909453869    
  0.885648727    
  0.830206871    
  0.976139069    
  0.888154984    
  0.981838703    
  0.960851669    
  0.831294537    
  0.938289165    
  0.787506104    
  0.844837189    
  0.905454636    
  0.928744793    
  0.946389675    
  0.697899818    
  0.921001434    
  0.437859565    
  0.779546261    
  0.701106548    
  0.836869717    
  0.797980309    
  0.880085945    
  0.976482391    
  0.617228985    
  0.895057201    
  0.927651405    
  0.869944990    
  0.956340313    
  0.954952717    
  0.969319820    
  0.784426212    
  0.878897190    
  0.592697144    
  0.418497562    
  0.645522594    
  0.905522823    
  0.786798954    
  0.654565811    
  0.882110119    
  0.524534643    
  0.898500443    
  0.952211380    
  0.612085819    
  0.884110928    
  0.679908752    
  0.925646305    
  0.973724842    
  0.882797718    
  0.890206337    
  0.952185154    
  0.933650017    
  0.985482693    
  0.742137432    
  0.978615284    
  0.650797367    
  0.892786980    
  0.895283699    
  0.687882900    
  0.789638042    
  0.743459225    
  0.808187962    
  0.647920132    
  0.783575535    
  0.806186199    
  0.754172325    
  0.947770596    
  0.718239248    
  0.929705620    
  0.617713928    
  0.864250720    
  0.891890049    
  0.778096199    
  0.930631638    
  0.547491550    
  0.898185253    
  0.983232021    
  0.198605537    
  0.962798119    
  0.979226589    
  0.426323950    
  0.955637455    
  0.883167267    
  0.907670498    
  0.867489338    
  0.802156925    
  0.855321407    
  0.986343861    
  0.969102383    
  0.969827652    
  0.800022602    
  0.807971954    
  0.744324207    
  0.665295124    
  0.976469040    
  0.918397903    
  0.574487209    
  0.838404179    
  0.630156040    
  0.780386448    
  0.530201375    
  0.955673218    
  0.940771103    
  0.905694008    
  0.867000580    
  0.846733093    
  0.738600731    
  0.919821322    
  0.796325684    
  0.653964520    
  0.884854794    
  0.946693420    
  0.392669618    
  0.913976192    
  0.870682716    
  0.879744530    
  0.793462276    
  0.962278366    
  0.946592331    
  0.891175270    
  0.937772751    
  0.991595745    
  0.897356987    
  0.947680950    
  0.977309227    
  0.545115948    
  0.994302750    
  0.520925522    
  0.976796627    
  0.753443718    
  0.628859997    
  0.393603832    
  0.585176468    
  0.995489120    
  0.821990967    
  0.950674534    
  0.782015800    
  0.606282234    
  0.875560760    
  0.997740746    
  0.753828466    
  0.978598595    
  0.906353951    
  0.977286816    
  0.963381767    
  0.819365978    
  0.674453259    
  0.789189398    
  0.818195820    
  0.920305729    
  0.786875248    
  0.967198849    
  0.992788315    
  0.869746685    
  0.929797649    
  0.907694340    
  0.927549839    
  0.856990814    
  0.676139832    
  0.949596405    
  0.856373787    
  0.835600853    
  0.787353516    
  0.692670822    
  0.883071423    
  0.579470634    
  0.921036720    
  0.887342930    
  0.885176182    
  0.781899452    
  0.981955528    
  0.945438385    
  0.957291603    
  0.957184315    
  0.992657185    
  0.993341446    
  0.997283459    
  0.937447071    
  0.501434326    
  0.929931164    
  0.611363888    
  0.955553532    
  0.808308601    
  0.976835728    
  0.882205009    
  0.916284561    
  0.724404335    
  0.920637131    
  0.680902481    
  0.627434254    
  0.988985538    
  0.980968475    
  0.762253761    
  0.670791149    
  0.986212730    
  0.499508888    
  0.954786301    
  0.574706078    
  0.965746880    
  0.826320171    
  0.508309364    
  0.807845116    
  0.681112766    
  0.948854446    
  0.853178501    
  0.887125015    
  0.800697327    
  0.666576862    
  0.755366325    
  0.867356300    
  0.891832352    
  0.368853509    
  0.515681267    
  0.961348534    
  0.998096943    
  0.936110020    
  0.407195151    
  0.959360123    
  0.880428314    
  0.561155796    
  0.621874332    
  0.820805013    
  0.935551167    
  0.310409099    
  0.849273682    
  0.817039967    
  0.866140842    
  0.772037566    
  0.943717003    
  0.957289219    
  0.973832607    
  0.717405796    
  0.476224422    
  0.844759941    
  0.690973282    
  0.625303745    
  0.978968143    
  0.701251030    
  0.768825531    
  0.969201088    
  0.998974800    
  0.238072887    
  0.885339737    
  0.745824814    
  0.937074244    
  0.992322922    
  0.786683559    
  0.886409760    
  0.700497627    
  0.914975643    
  0.804852962    
  0.976251602    
  0.919495106    
  0.983611584    
  0.392916739    
  0.897579193    
  0.965070248    
  0.919328690    
  0.960401535    
  0.841180325    
  0.947774887    
  0.938519001    
  0.983227253    
  0.908996582    
  0.538911879    
  0.645305634    
  0.995291233    
  0.891844273    
  0.845912933    
  0.961486816    
  0.890649796    
  0.988473892    
  0.827505589    
  0.986218929    
  0.702781200    
  0.909961700    
  0.862617016    
  0.524849832    
  0.952935219    
  0.649472237    
  0.982438564    
  0.388273209    
  0.999065876    
  0.814880848    
  0.978018284    
  0.375074893    
  0.946249962    
  0.953353882    
  0.934708118    
  0.908277035    
  0.788932264    
  0.423130929    
  0.776094437    
  0.677185059    
  0.375781029    
  0.824008465    
  0.799015999    
  0.908516407    
  0.472726792    
  0.586483479    
  0.939358711    
  0.966844082    
  0.541270256    
  0.373513699    
  0.919559002    
  0.538054943    
  0.882956505    
  0.855062485    
  0.646866322    
  0.817816317    
  0.755397260    
  0.995842457    
  0.824032784    
  0.357187212    
  0.967083454    
  0.964814186    
  0.349564552    
  0.332207710    
  0.948498726    
  0.793356895    
  0.638613224    
  0.877691269    
  0.879218578    
  0.532633305    
  0.996454716    
  0.328296602    
  0.831192970    
  0.236672372    
  0.927887917    
  0.855441570    
  0.788835526    
  0.456905425    
  0.872340202    
  0.981486797    
  0.875226080    
  0.497635812    
  0.863154411    
  0.923152924    
  0.954563141    
  0.478110254    
  0.540555000    
  0.938961983    
  0.698840141    
  0.811283588    
  0.918985844    
  0.775603294    
  0.975990772    
  0.905674934    
  0.924732268    
  0.967082977    
  0.422779113    
  0.990162849    
  0.908654690    
  0.938261032    
  0.699326515    
  0.765224457    
  0.555327892    
  0.991819859    
  0.860199928    
  0.861376286    
  0.865937233    
  0.965412140    
  0.784379959    
  0.929090023    
  0.868685722    
  0.975751400    
  0.970988274    
  0.784978390    
  0.948615551    
  0.803894520    
  0.930442810    
  0.912112176    
  0.933044434    
  0.851640165    
  0.772598267    
  0.950748503    
  0.982444763    
  0.851872444    
  0.801633358    
  0.562210560    
  0.981471539    
  0.998731613    
  0.733954906    
  0.986331463    
  0.933254242    
  0.991201878    
  0.914479256    
  0.906247556    
  0.777646005    
  0.997638702    
  0.674936295    
  0.869626999    
  0.889948845    
  0.977781296    
  0.990742683    
  0.898535252    
  0.946267128    
  0.751467705    
  0.326008260    
  0.878644943    
  0.923139095    
  0.965156078    
  0.506784379    
  0.990140915    
  0.827973366    
  0.699668407    
  0.944564819    
  0.676332474    
  0.941145897    
  0.963232994    
  0.797153950    
  0.860550880    
  0.978464127    
  0.941618919    
  0.974228382    
  0.530356467    
  0.832609236    
  0.672559738    
  0.987055779    
  0.981916904    
  0.930300713    
  0.859941542    
  0.813057363    
  0.524401188    
  0.972565174    
  0.979215622    
  0.668029308    
  0.979466438    
  0.695370674    
  0.742047310    
  0.844280720    
  0.904088020    
  0.565587521    
  0.822494984    
  0.728214264    
  0.803324699    
  0.981130600    
  0.882087708    
  0.776580811    
  0.884026527    
  0.907807827    
  0.824170113    
  0.976090431    
  0.842743397    
  0.992640972    
  0.828551292    
  0.740496159    
  0.911018372    
  0.995994568    
  0.477140427    
  0.831058085    
  0.839005947    
  0.937457561    
  0.990736008    
  0.872715950    
  0.982045174    
  0.428261817    
  0.985865593    
  0.537613451    
  0.898779869    
  0.966353893    
  0.565233231    
  0.974330902    
  0.430624455    
  0.675291538    
  0.790231705    
  0.845906198    
  0.850929260    
  0.957442284    
  0.937314510    
  0.827942848    
  0.980871201    
  0.744522512    
  0.509667873    
  0.665426731    
  0.859159052    
  0.899241447    
  0.898172855    
  0.756809235    
  0.877439976    
  0.904452324    
  0.983005047    
  0.991476536    
  0.965906143    
  0.916115761    
  0.445170432    
  0.956602573    
  0.575318336    
  0.952525139    
  0.904737413    
  0.899006367    
  0.921269417    
  0.626587868    
  0.873763084    
  0.860345364    
  0.608068466    
  0.559371948    
  0.958881855    
  0.473682880    
  0.811151028    
  0.969900608    
  0.636955738    
  0.965867043    
  0.809747696    
  0.945057869    
  0.923486650    
  0.873881340    
  0.758083880    
  0.952086926    
  0.985652447    
  0.802157879    
  0.595895290    
  0.822814465    
  0.836536407    
  0.864486217    
  0.896729946    
  0.978401184    
  0.820460320    
  0.311131984    
  0.938752174    
  0.713008463    
  0.969426632    
  0.924726009    
  0.592551708    
  0.880190849    
  0.701082706    
  0.906708241    
  0.754174232    
  0.784764290    
  0.918038845    
  0.537989080    
  0.679792881    
  0.736695826    
  0.909613132    
  0.891606808    
  0.684428215    
  0.956484318    
  0.875537395    
  0.892831802    
  0.644199848    
  0.707406998    
  0.648628235    
  0.843525350    
  0.970967293    
  0.762861192    
  0.132322267    
  0.935036659    
  0.577680588    
  0.960025787    
  0.942700386    
  0.939248562    
  0.772994041    
  0.887589931    
  0.991126537    
  0.946822643    
  0.931387901    
  0.738228321    
  0.600574017    
  0.745509148    
  0.916736126    
  0.875534058    
  0.972990513    
  0.541160583    
  0.661729813    
  0.495236903    
  0.711788654    
  0.853792250    
  0.954232693    
  0.834040642    
  0.981594563    
  0.885917664    
  0.968351841    
  0.595665932    
  0.517758846    
  0.758225977    
  0.245806754    
  0.959209919    
  0.830926895    
  0.486772984    
  0.992188931    
  0.665382385    
  0.935915947    
  0.793063641    
  0.966604233    
  0.974329472    
  0.849993229    
  0.870659828    
  0.988132477    
  0.454314232    
  0.967397213    
  0.917693615    
  0.948881626    
  0.562802315    
  0.986560345    
  0.481084377    
  0.544145107    
  0.899383068    
  0.447295219    
  0.866612911    
  0.547117233    
  0.952458382    
  0.801287651    
  0.457868099    
  0.949008465    
  0.389678478    
  0.988114834    
  0.985281944    
  0.929816246    
  0.972327709    
  0.799870014    
  0.592447281    
  0.996357918    
  0.973630428    
  0.998706818    
  0.872969151    
  0.563641548    
  0.756796837    
  0.766890109    
  0.645179749    
  0.732263565    
  0.974539280    
  0.571066856    
  0.830364704    
  0.702511787    
  0.956369400    
  0.819863319    
  0.691461086    
  0.875318050    
  0.409078091    
  0.616732121    
  0.577369213    
  0.819529533    
  0.899140358    
  0.740038931    
  0.834985733    
  0.981571198    
  0.733816147    
  0.997790813    
  0.982748032    
  0.919922352    
  0.581652641    
  0.888648510    
  0.898033142    
  0.876843929    
  0.827743530    
  0.400852144    
  0.727026463    
  0.797281742    
  0.936477661    
  0.961946487    
  0.994409561    
  0.860913754    
  0.830467224    
  0.466687173    
  0.500602245    
  0.915750504    
  0.957671642    
  0.792635918    
  0.876768589    
  0.899097919    
  0.877790511    
  0.933389187    
  0.692323208    
  0.796396732    
  0.981711864    
  0.722170830    
  0.915784836    
  0.488311291    
  0.873029649    
  0.684213161    
  0.777713299    
  0.924829483    
  0.848768234    
  0.680040359    
  0.873758793    
  0.829159737    
  0.233815625    
  0.873681605    
  0.100025192    
  0.983258247    
  0.907544136    
  0.928154469    
  0.898533821    
  0.650504112    
  0.879271030    
  0.900900841    
  0.442739904    
  0.887577057    
  0.996224880    
  0.968722820    
  0.858791828    
  0.930315971    
  0.920787334    
  0.657912254    
  0.790243149    
  0.740004063    
  0.833297789    
  0.846194267    
  0.991793156    
  0.881005764    
  0.461692333    
  0.887454033    
  0.662340164    
  0.909113884    
  0.786434174    
  0.773328304    
  0.939000130    
  0.496913910    
  0.915663719    
  0.151361898    
  0.863764286    
  0.781899929    
  0.921601295    
  0.929814339    
  0.936577320    
  0.641994476    
  0.917346001    
  0.350034267    
  0.701828480    
  0.776779652    
  0.813939571    
  0.992399216    
  0.756420135    
  0.715848923    
  0.783784330    
  0.681323528    
  0.820087433    
  0.211673275    
  0.603319168    
  0.742410719    
  0.536555290    
  0.805211544    
  0.871006489    
  0.913490772    
  0.933026314    
  0.803298950    
  0.924722195    
  0.734324932    
  0.976938725    
  0.947911263    
  0.935763359    
  0.628652573    
  0.934076786    
  0.517745435    
  0.618074417    
  0.837967396    
  0.976585865    
  0.891362667    
  0.934670448    
  0.831774235    
  0.988711834    
  0.848200798    
  0.880687237    
  0.819152832    
  0.826866210    
  0.700875759    
  0.404782712    
  0.878174782    
  0.984539032    
  0.940775394    
  0.625053883    
  0.885436058    
  0.793353558    
  0.968828201    
  0.956116199    
  0.968228817    
  0.878269196    
   4.80442569E-02
  0.780473232    
  0.705152988    
  0.798803806    
  0.508902550    
  0.884385109    
  0.734891891    
  0.936951160    
  0.900405407    
  0.871972561    
  0.723703861    
  0.968718529    
  0.996364117    
  0.924957335    
  0.960897446    
  0.842224121    
  0.764166355    
  0.969566822    
  0.994093895    
  0.864146709    
  0.673004627    
  0.811423361    
  0.599484444    
  0.541025639    
  0.927808762    
  0.792484760    
  0.306028366    
  0.949562073    
  0.777128696    
  0.883198261    
  0.906254292    
  0.932200432    
  0.478944302    
  0.529149532    
  0.957520485    
  0.847138882    
  0.654697418    
  0.906374931    
  0.946266174    
  0.936869621    
  0.330301762    
  0.900896549    
  0.946120739    
  0.803950787    
  0.952045441    
  0.846508980    
  0.827106953    
  0.961241245    
  0.437071353    
  0.715739250    
  0.978732586    
  0.627100468    
  0.906642437    
  0.498344362    
  0.906467915    
  0.769069195    
  0.983466625    
  0.971600533    
  0.874754429    
  0.655897617    
  0.983155251    
  0.662670135    
  0.949911594    
  0.948140144    
  0.711076319    
  0.462284625    
  0.886610031    
  0.953286648    
  0.881774008    
  0.565205574    
  0.727537632    
  0.705965519    
  0.643267155    
  0.756810248    
  0.757262230    
  0.519177437    
  0.812616289    
  0.915049553    
  0.833208025    
  0.849735260    
  0.925784588    
  0.990061760    
  0.889818192    
  0.807636738    
  0.968244076    
  0.551404953    
  0.988269806    
  0.695161343    
  0.658125401    
  0.903145790    
  0.698270798    
  0.989771366    
  0.607595444    
  0.954101086    
  0.840698242    
  0.811634064    
  0.881965637    
  0.876626968    
  0.387551785    
  0.419819832    
  0.900691509    
  0.812102795    
  0.621954441    
  0.972155571    
  0.658046722    
  0.687292099    
  0.915680885    
  0.823098660    
  0.897315025    
  0.743380547    
  0.977282047    
  0.762775362    
  0.891971648    
  0.645073414    
  0.469034642    
  0.685497761    
   8.95919278E-02
  0.917669296    
  0.522730827    
  0.594107151    
  0.949819624    
  0.790359020    
  0.922800064    
  0.895312786    
  0.338514358    
  0.896954536    
  0.962775707    
  0.780491352    
  0.660297394    
  0.657048225    
  0.600286007    
  0.737994254    
  0.982671738    
  0.485588968    
  0.690174580    
  0.970050335    
  0.641601562    
  0.497390747    
  0.860422611    
  0.883870125    
  0.798707962    
  0.930438519    
  0.269406259    
  0.920631468    
  0.442402869    
  0.591637611    
  0.681241512    
  0.849273264    
  0.972560883    
  0.606025696    
  0.692422867    
  0.992194653    
  0.826284885    
  0.905095100    
  0.954084873    
  0.911705971    
  0.785824776    
  0.967765808    
  0.910400867    
  0.271975011    
  0.601178169    
  0.936268806    
  0.380617678    
  0.997784615    
  0.937325001    
  0.924704075    
  0.915307522    
  0.782995701    
  0.928513050    
  0.982764244    
  0.831531048    
  0.703864098    
  0.873391688    
  0.862233639    
  0.919850349    
  0.949205399    
  0.940634251    
  0.897348881    
  0.636966228    
  0.910306931    
  0.737781048    
  0.818685532    
  0.829016685    
  0.881258965    
  0.995013714    
  0.239609703    
  0.507761478    
  0.854402065    
  0.854395866    
  0.951459825    
  0.708230972    
  0.935756207    
  0.531044006    
  0.745729446    
  0.892815113    
  0.404658347    
  0.813794553    
  0.895654202    
  0.617333412    
  0.819483757    
  0.474985152    
  0.968006611    
  0.953159809    
  0.741559446    
  0.827460825    
  0.935665607    
  0.609454632    
  0.932531834    
  0.524605274    
  0.911043167    
  0.550572395    
  0.528563499    
  0.802711487    
  0.504409790    
  0.672668934    
  0.996367455    
  0.612236023    
  0.923151016    
  0.955992699    
  0.950556278    
  0.834242344    
  0.960385799    
  0.811796665    
  0.999784470    
  0.859264851    
  0.948625565    
  0.787737370    
  0.191899315    
  0.766917229    
  0.759867191    
  0.936100006    
  0.798595428    
  0.506643772    
  0.868891716    
  0.326985389    
  0.482730865    
  0.977794170    
  0.876764834    
  0.808344364    
  0.750964642    
  0.313520908    
  0.782410681    
  0.828581333    
  0.937661171    
  0.794068336    
  0.981106758    
  0.795107841    
  0.454876453    
  0.845795631    
  0.961839199    
  0.941976070    
  0.891018867    
  0.852835178    
  0.551140308    
  0.673355579    
  0.617699146    
  0.781311035    
  0.414672345    
  0.604824543    
  0.944684923    
  0.621392250    
  0.863640308    
  0.901717663    
  0.925034523    
  0.438701659    
  0.710655212    
  0.999785423    
  0.498460740    
  0.990846634    
  0.784544945    
  0.671336174    
  0.605076313    
  0.940403938    
  0.893530846    
  0.962401390    
  0.795734406    
  0.284603119    
  0.528311193    
  0.949337006    
  0.943734646    
  0.466077358    
  0.834370136    
  0.701795101    
  0.867559433    
  0.925200880    
  0.701087475    
  0.686725616    
  0.596881390    
  0.402870625    
  0.978392601    
  0.802380502    
  0.833083630    
  0.353007764    
  0.463118553    
  0.907559395    
  0.585068703    
  0.819655895    
  0.985724449    
  0.780482769    
  0.994176865    
  0.567930222    
  0.903524399    
  0.626853466    
  0.877480984    
  0.818570137    
  0.935073853    
  0.779267311    
  0.607957840    
  0.856133461    
  0.959190369    
  0.991087437    
  0.237637520    
  0.962807178    
  0.927558422    
  0.991715908    
  0.576883793    
  0.873534203    
  0.785136700    
  0.965736389    
  0.884601116    
  0.886761665    
  0.731114447    
  0.949113369    
  0.791166306    
  0.565187931    
  0.996908188    
  0.681142330    
  0.996124268    
  0.696482658    
  0.700154781    
  0.148016393    
  0.973257065    
  0.237621769    
  0.979944706    
  0.293884754    
  0.864355564    
  0.509071350    
  0.897904873    
  0.454652339    
  0.774975359    
  0.933764935    
  0.981452465    
  0.868283331    
  0.946023464    
  0.736794472    
  0.754408360    
  0.822702467    
  0.840453148    
  0.895175397    
  0.875466824    
  0.665513039    
  0.978501797    
  0.784265041    
  0.773362160    
  0.973379612    
  0.504431307    
  0.562848568    
  0.969658852    
  0.763247013    
  0.946834564    
  0.908511639    
  0.881136358    
  0.925388813    
  0.948495388    
  0.824023306    
  0.955631733    
  0.894497871    
  0.791433811    
  0.679665565    
  0.588289261    
  0.980978966    
  0.933376789    
  0.911496580    
  0.941020966    
  0.666254520    
  0.817276001    
  0.953516960    
  0.685756207    
  0.944670677    
  0.430535346    
  0.998473644    
  0.753474712    
  0.958977222    
  0.862932205    
  0.705131531    
  0.920655727    
  0.935184002    
  0.901477814    
  0.752184391    
  0.642790318    
  0.826298714    
  0.234992936    
  0.960400581    
  0.871897638    
  0.752498150    
  0.850068569    
  0.459437340    
  0.697302818    
  0.758078039    
  0.995842934    
  0.951701164    
  0.962907791    
  0.993708134    
  0.891278267    
  0.994227409    
  0.929318428    
  0.979792595    
  0.708025932    
  0.246426061    
  0.857252598    
  0.376605451    
  0.884381294    
  0.814526081    
  0.775570869    
  0.983242035    
  0.971024036    
  0.984703541    
  0.691937923    
  0.759659290    
  0.600071907    
  0.954835415    
  0.824289322    
  0.886612356    
  0.844517708    
  0.862696171    
  0.508325994    
  0.975512028    
  0.676937580    
  0.940652370    
  0.477368385    
  0.923045158    
  0.713357449    
  0.532261848    
  0.900541306    
  0.988387108    
  0.803229809    
  0.810225964    
  0.817826748    
  0.958288193    
  0.262483150    
  0.643602848    
  0.651243687    
  0.990531445    
  0.179631233    
  0.990872383    
  0.672400475    
  0.820236683    
  0.952216625    
  0.667189598    
  0.892597198    
  0.762167871    
  0.786314487    
  0.742071688    
  0.255457401    
  0.682524681    
  0.829745293    
  0.998707294    
  0.992084980    
  0.957920074    
  0.895575523    
  0.738497257    
  0.804996908    
  0.979536057    
  0.669791698    
  0.218552083    
  0.991934776    
  0.589506626    
  0.944936752    
  0.881999016    
  0.956706047    
  0.855465472    
  0.806996822    
  0.859735966    
  0.943014622    
  0.262261927    
  0.912951946    
  0.199383721    
  0.940978527    
  0.877608776    
  0.983506680    
  0.903040886    
  0.958857059    
  0.969063282    
  0.942291260    
  0.773213863    
  0.901119232    
  0.811193466    
  0.899452209    
  0.758586884    
  0.993120193    
  0.623158932    
  0.959236145    
  0.687520981    
  0.839129448    
  0.623052120    
  0.857825279    
  0.814363956    
  0.806306362    
  0.756677628    
  0.787873745    
  0.725746632    
  0.548337460    
  0.489047050    
  0.747612953    
  0.865684986    
  0.955648899    
  0.817830563    
  0.993817329    
  0.943736553    
  0.855344236    
  0.841071129    
  0.467157423    
  0.799848557    
  0.801182747    
  0.520926952    
  0.878873825    
  0.359717339    
  0.720029831    
  0.968634605    
  0.470123738    
  0.859020710    
  0.780612946    
  0.431467533    
  0.968594074    
  0.970965385    
  0.813675404    
  0.824138165    
  0.245336071    
  0.986469269    
  0.978836536    
  0.597214222    
  0.852855682    
  0.959205151    
  0.828088760    
  0.866135120    
  0.926958561    
  0.982522011    
  0.740727425    
  0.676970005    
  0.887831211    
  0.892686367    
  0.894382000    
  0.963875771    
  0.961707592    
  0.546525955    
  0.955146790    
  0.748320520    
  0.709575653    
  0.695849895    
  0.809841633    
  0.900212765    
  0.945882797    
  0.308559924    
  0.963399887    
  0.764062405    
  0.957210541    
  0.851375103    
  0.937319756    
  0.980624199    
  0.980734825    
  0.953278065    
  0.948722839    
  0.920300007    
  0.998982906    
  0.830666542    
  0.844640255    
  0.782403946    
  0.954442978    
  0.762850285    
  0.976011753    
  0.770271778    
  0.636870384    
  0.866637766    
  0.983391285    
  0.622217655    
  0.995247364    
  0.994094372    
  0.907077789    
  0.513814449    
  0.908521652    
  0.464197129    
  0.472153664    
  0.386370212    
  0.955875397    
  0.985173225    
  0.890105247    
  0.935998917    
  0.553653717    
  0.798302650    
  0.943394661    
  0.919559002    
  0.274879992    
  0.943880558    
  0.930908203    
  0.431193292    
  0.909933567    
  0.703955650    
  0.570332527    
  0.981494904    
  0.994180202    
  0.964321136    
  0.715157568    
  0.670672417    
  0.954546928    
  0.273058444    
  0.981441498    
  0.863061905    
  0.934355736    
  0.815317154    
  0.936395645    
  0.946380615    
  0.407413453    
  0.574133873    
  0.775339603    
  0.829026222    
  0.892592430    
  0.591163158    
  0.926953793    
  0.500856400    
  0.988511086    
  0.984322548    
  0.966598034    
  0.615408421    
  0.380148888    
  0.928839684    
  0.921972752    
  0.914583206    
  0.890576363    
  0.884746552    
  0.473484546    
  0.662189960    
  0.982802868    
  0.770622730    
  0.960143566    
  0.797007084    
  0.790452957    
  0.757883549    
  0.313158542    
  0.539014757    
  0.774061203    
  0.847337246    
  0.846309185    
  0.953767300    
  0.877721786    
  0.881967068    
  0.969069481    
  0.554604530    
  0.759190559    
  0.859715462    
  0.941143990    
  0.827475548    
  0.965989590    
  0.923137188    
  0.711314678    
  0.946855068    
  0.819061279    
  0.672530651    
  0.944351673    
  0.487277925    
  0.892071724    
  0.914957047    
  0.407649994    
  0.824417114    
  0.807739258    
  0.888781071    
  0.624943733    
  0.952673912    
  0.660863876    
  0.770749152    
  0.952797890    
  0.761686325    
  0.947218895    
  0.995611191    
  0.814263821    
  0.939582348    
  0.760856628    
  0.887439728    
  0.789533615    
  0.914112091    
  0.703371048    
  0.979467869    
  0.208007857    
  0.701565742    
  0.970748901    
  0.412631065    
  0.834713936    
  0.879354477    
  0.526644230    
  0.730862141    
  0.755031586    
  0.935554981    
  0.874464035    
  0.947088242    
  0.764775276    
  0.917909145    
  0.891269743    
  0.980143547    
  0.724340439    
  0.540113389    
  0.990042210    
  0.891866684    
  0.822857380    
  0.540814400    
  0.895185947    
  0.677159786    
  0.977437496    
  0.911711693    
  0.933258533    
  0.928287029    
  0.782871246    
  0.885905266    
  0.845831871    
  0.717513084    
  0.835786343    
  0.909236431    
  0.851396561    
  0.920802593    
  0.639697075    
  0.887946606    
  0.993694782    
  0.792953491    
  0.557259560    
  0.624685764    
  0.443256319    
  0.999583244    
  0.968471050    
  0.786640167    
  0.809764385    
  0.613878727    
  0.854380131    
  0.916860104    
  0.570322990    
  0.899244785    
  0.766305447    
  0.821391582    
  0.928516865    
  0.546165466    
  0.615447044    
  0.826992989    
  0.701370239    
  0.995774269    
  0.658164978    
  0.903656006    
  0.853050768    
  0.652207375    
  0.634493828    
  0.963980198    
  0.798810959    
  0.940769196    
  0.878989697    
  0.665387630    
  0.936001301    
  0.862829626    
  0.608534336    
  0.720361233    
  0.815113485    
  0.965053558    
  0.725712717    
  0.808773994    
  0.564624310    
  0.808934212    
  0.924483299    
  0.952554226    
  0.986808300    
  0.891765118    
  0.920870781    
  0.991213799    
  0.482040346    
  0.760466099    
  0.982082844    
  0.819648266    
  0.750868797    
  0.952307701    
  0.628505230    
  0.787483215    
  0.531660140    
  0.992269039    
  0.997160435    
  0.803940296    
  0.884941101    
  0.780334473    
   9.86385271E-02
  0.438709259    
  0.925985813    
  0.975607395    
  0.744422913    
  0.829139709    
  0.983602524    
  0.874938071    
  0.941944599    
  0.901007175    
  0.934366703    
  0.629833698    
  0.826982975    
  0.657454491    
  0.982185841    
  0.789387703    
  0.487977952    
  0.991012096    
  0.995881081    
  0.993276119    
  0.981018066    
  0.682538509    
  0.990539074    
  0.987909794    
  0.813347340    
  0.811761856    
  0.759155273    
  0.616386890    
  0.801407337    
  0.423697501    
  0.780939102    
  0.757875860    
  0.702207565    
  0.951981544    
  0.566745281    
  0.489429951    
  0.887576580    
  0.785247326    
  0.641481400    
  0.846188068    
  0.885931492    
  0.723722935    
  0.996959209    
  0.976569176    
  0.909008503    
  0.574008465    
  0.802008629    
  0.941253185    
  0.549145699    
  0.630663872    
  0.601132393    
  0.951502800    
  0.897447109    
  0.405293465    
  0.679813385    
  0.869385719    
  0.929353714    
  0.946243286    
  0.999202251    
  0.892208576    
  0.970529079    
  0.953711510    
  0.858782291    
  0.551391602    
  0.940874577    
  0.613379478    
  0.617795467    
  0.873032570    
  0.993505955    
  0.746220112    
  0.528181076    
  0.945053101    
  0.985146046    
  0.814169407    
  0.965742588    
  0.851549625    
  0.852137089    
  0.674567223    
  0.892712593    
  0.858543813    
  0.696922302    
  0.940505028    
  0.895694256    
  0.658360004    
  0.789906502    
  0.631503105    
  0.950990677    
  0.838777542    
  0.741354525    
  0.979810715    
  0.935867310    
  0.991930962    
  0.911613941    
  0.919481277    
  0.946457863    
  0.740719795    
  0.847969532    
  0.781926155    
  0.529960632    
  0.939093590    
  0.830243587    
  0.872089863    
  0.749437809    
  0.978229523    
  0.291537285    
  0.896864414    
  0.922661304    
  0.547957420    
  0.641871929    
  0.645559788    
  0.994461060    
  0.950428486    
  0.994536400    
  0.919825077    
  0.886625767    
  0.334726840    
  0.795349598    
  0.917454243    
  0.771443844    
  0.889730453    
  0.778694630    
  0.886277676    
  0.749172270    
  0.787846565    
  0.785009384    
  0.908147812    
  0.601265430    
  0.930068493    
  0.660775185    
  0.915424347    
  0.955554485    
  0.992266655    
  0.896970749    
  0.861282825    
   4.48193140E-02
  0.990977287    
  0.597439766    
  0.353872776    
  0.819986343    
  0.765739441    
  0.843091488    
  0.783686638    
  0.921583652    
  0.709457397    
  0.627929211    
  0.858900070    
  0.925895691    
  0.686679363    
  0.572828293    
  0.616007328    
  0.824123859    
  0.170588925    
  0.868910313    
  0.960885525    
  0.949561596    
  0.828311920    
  0.723008156    
  0.941979885    
  0.814522207    
  0.626477242    
  0.892790318    
  0.946592808    
  0.393635303    
  0.864757538    
  0.932800770    
  0.899818838    
  0.976463795    
  0.756922722    
  0.963121891    
  0.548920631    
  0.871006489    
  0.972872734    
  0.952808380    
  0.457762212    
  0.750854909    
  0.996329308    
  0.985507488    
  0.892680168    
  0.705414295    
  0.587460041    
  0.688464165    
  0.936238766    
  0.877114296    
  0.456795663    
  0.779541016    
  0.738931656    
  0.925082684    
  0.382411927    
  0.972155094    
  0.709197044    
  0.972884655    
  0.893788815    
  0.774276733    
  0.849498272    
  0.714449406    
  0.402924538    
  0.747849464    
  0.835802555    
  0.918395996    
  0.631826401    
  0.785861015    
  0.570336819    
  0.947188854    
  0.843169689    
  0.996354580    
  0.842578411    
  0.623873234    
  0.864718497    
  0.846973419    
  0.679227829    
  0.986129761    
   9.00258794E-02
  0.987429142    
  0.471449345    
  0.839247704    
  0.805684090    
  0.626760483    
  0.956728935    
  0.887833595    
  0.957081318    
  0.607238770    
  0.941461086    
  0.532836437    
  0.970983982    
  0.782117367    
  0.779859543    
  0.942763329    
  0.629087448    
  0.938853264    
  0.729309082    
  0.926718235    
  0.685406685    
  0.783213615    
  0.945152760    
  0.551535130    
  0.849282324    
  0.944804668    
  0.884227753    
  0.572712898    
  0.546419621    
  0.645079136    
  0.812830448    
  0.815322816    
  0.757759094    
  0.982792377    
  0.987281322    
  0.842607975    
  0.559128284    
  0.933877468    
  0.934909821    
  0.653954029    
  0.286619633    
  0.781424105    
  0.973130226    
  0.978039265    
  0.282466888    
  0.859021664    
  0.645788193    
  0.945981026    
  0.929800987    
  0.924252987    
  0.854005814    
  0.868317127    
  0.965045929    
  0.880682468    
  0.919796467    
  0.937213898    
  0.573545456    
  0.877223969    
  0.838812351    
  0.782000124    
  0.846540451    
  0.758448124    
  0.981556416    
  0.907798767    
  0.672684669    
  0.830823898    
  0.853673935    
  0.698495388    
  0.919016361    
  0.976808071    
  0.909337997    
  0.877670765    
  0.825104296    
  0.955757618    
  0.780333042    
  0.929602146    
  0.824746132    
  0.954095840    
  0.921965539    
  0.946602821    
  0.539293289    
  0.686956406    
  0.413466483    
  0.727429867    
  0.546288013    
  0.871284485    
  0.804052830    
  0.912446022    
  0.837500095    
  0.756203115    
  0.861406744    
  0.647559643    
  0.964808464    
  0.827696323    
  0.465942323    
  0.991728306    
  0.688866615    
  0.959311962    
  0.773714542    
  0.851295948    
  0.613552570    
  0.561284065    
  0.999100208    
  0.945906162    
  0.886611938    
  0.990030289    
  0.862699032    
  0.798470080    
  0.310542136    
  0.428355187    
  0.950976372    
  0.343501091    
  0.939119399    
  0.924927235    
  0.991961479    
  0.961478233    
  0.800363064    
  0.955176830    
  0.998726845    
  0.993831635    
  0.923159599    
  0.812974036    
  0.958866596    
  0.930305481    
  0.669826508    
  0.883549690    
  0.843185902    
  0.977986813    
  0.206818119    
  0.796543121    
  0.906621456    
  0.983155727    
  0.997914791    
  0.822142601    
  0.898880959    
  0.903614521    
  0.846783161    
  0.302237540    
  0.873558044    
  0.999664307    
  0.807467937    
  0.571977615    
  0.909368992    
  0.931346893    
  0.973625660    
  0.676698685    
  0.845229566    
  0.961263180    
  0.837358475    
  0.933971882    
  0.459301502    
  0.829742908    
  0.876616061    
  0.762397766    
  0.751894951    
  0.992084026    
  0.926033497    
  0.875580311    
  0.921946049    
  0.957043648    
  0.925534248    
  0.979350090    
  0.922216892    
  0.860655308    
  0.927310467    
  0.891478062    
  0.967185974    
  0.847022057    
  0.797868729    
  0.773678243    
  0.516175330    
  0.822245121    
   5.57617992E-02
  0.680056095    
  0.493428200    
  0.946500301    
  0.917707443    
  0.991467953    
  0.778449535    
  0.868287563    
  0.645901203    
  0.298407584    
  0.706203938    
  0.645149708    
  0.765957832    
  0.954688072    
  0.997188568    
  0.315203130    
  0.875780106    
  0.562943935    
  0.818780422    
  0.598916531    
  0.893749237    
  0.997994900    
  0.447987050    
  0.976124763    
  0.662193775    
  0.816909313    
  0.985297203    
  0.721227646    
  0.338262528    
  0.990372658    
  0.891366959    
  0.828102589    
  0.732886314    
  0.598782063    
  0.792643070    
  0.578163147    
  0.976700306    
  0.913543224    
  0.887083530    
  0.898662567    
  0.917903900    
  0.765730381    
  0.975173473    
  0.916620255    
  0.716579437    
  0.948650360    
  0.799070835    
  0.493246973    
  0.896503448    
  0.988509178    
  0.549362659    
  0.788072109    
  0.958999157    
  0.122408845    
  0.499042451    
  0.989699841    
  0.928127289    
  0.927808762    
  0.549995899    
  0.956709862    
  0.965746403    
  0.898418427    
  0.971227646    
  0.470589668    
  0.813108444    
  0.238464788    
  0.681826115    
  0.672564507    
  0.957427502    
  0.999545097    
  0.980395794    
  0.940998554    
  0.797249794    
  0.984108925    
  0.842102051    
  0.935762405    
  0.964907169    
  0.908537388    
  0.900453091    
  0.584033489    
  0.869340897    
  0.954572678    
  0.708718300    
  0.816056252    
  0.990642071    
  0.859959066    
  0.171903640    
  0.356986552    
  0.989555836    
  0.973621368    
  0.583209515    
  0.762626648    
  0.717999935    
  0.796907425    
  0.914479733    
  0.818898201    
  0.962303638    
  0.916356087    
  0.741825581    
  0.823441029    
  0.745352745    
  0.595425606    
  0.592237473    
  0.989559650    
  0.974900723    
  0.611636639    
  0.631838799    
  0.981477261    
  0.924807549    
  0.878503382    
  0.658624172    
  0.803946495    
  0.798333168    
  0.966684341    
  0.718220711    
  0.877318382    
  0.448950261    
  0.841781616    
  0.701467514    
  0.808444440    
  0.975645065    
  0.657411098    
  0.944565296    
  0.948517323    
  0.740841866    
  0.938260078    
  0.727059364    
  0.932446003    
  0.770577908    
  0.998840332    
  0.988584518    
  0.857379913    
  0.962082386    
  0.978473663    
  0.506781638    
  0.612442493    
  0.990775585    
  0.828074932    
  0.988627434    
  0.980067730    
  0.576642513    
  0.961110592    
  0.904089451    
  0.812937737    
  0.977434635    
  0.876041949    
  0.900689125    
  0.514188766    
  0.811562002    
  0.731077671    
  0.547340870    
  0.999336243    
  0.990047455    
  0.910421848    
  0.930077553    
  0.597596645    
  0.971090794    
  0.550224781    
  0.928283691    
  0.987630367    
  0.835356712    
  0.776930809    
  0.858040333    
  0.975040436    
  0.956385136    
  0.659242630    
  0.925551891    
  0.890287399    
  0.998713017    
  0.774065018    
  0.958739758    
  0.942326069    
  0.782038212    
  0.983738422    
  0.961967468    
  0.679576874    
  0.979658127    
  0.896165371    
  0.983249664    
  0.930416584    
  0.557338238    
  0.588776112    
  0.511424541    
  0.654567719    
  0.966260433    
  0.765112400    
  0.805479050    
  0.807841778    
  0.707748413    
  0.780012608    
  0.893549442    
  0.881743431    
  0.547031403    
  0.961975574    
  0.525226176    
  0.991212845    
  0.907708168    
  0.813206136    
  0.926710606    
  0.534975588    
  0.821416855    
  0.876293123    
  0.984060287    
  0.678382397    
  0.681827545    
  0.543643951    
  0.744158745    
  0.534966528    
  0.966352940    
  0.634840488    
  0.678260803    
  0.865897179    
  0.776533604    
  0.745383739    
  0.926749229    
  0.886407375    
  0.792260230    
  0.953497887    
  0.726463854    
  0.946953773    
  0.878031731    
  0.976361752    
  0.829641819    
  0.994935989    
  0.954100132    
  0.926461220    
  0.755820751    
  0.942427635    
  0.861299574    
  0.729443550    
  0.893758297    
  0.187626421    
  0.869500637    
  0.694204330    
  0.885894775    
  0.857493877    
  0.932329655    
  0.927454948    
  0.949555397    
  0.991365910    
  0.721103668    
  0.534651756    
  0.802382946    
  0.785334587    
  0.418633014    
  0.721553326    
  0.974209785    
  0.996956348    
  0.789377213    
  0.978228569    
  0.859045088    
  0.760619104    
  0.981556416    
  0.625071526    
  0.858547211    
  0.916498244    
  0.978020668    
  0.855331421    
  0.945760250    
  0.665543079    
  0.983838558    
  0.935307503    
  0.427048653    
  0.683603287    
  0.919479370    
  0.966262341    
  0.953356266    
  0.721902370    
  0.904858649    
  0.824764252    
  0.994221687    
  0.897220612    
  0.506098270    
  0.929372787    
  0.960256100    
  0.642585754    
  0.887839794    
  0.963154793    
  0.840805054    
  0.987156391    
  0.886382580    
  0.740123749    
  0.905892372    
  0.831793308    
  0.748452663    
  0.891016960    
  0.990495205    
  0.957810879    
  0.851775646    
  0.990617752    
  0.522490501    
  0.528585911    
  0.726801872    
  0.485614806    
  0.828810692    
  0.476208180    
  0.850340843    
  0.981137276    
  0.662325859    
  0.783240318    
  0.844351768    
  0.377570212    
  0.893533707    
  0.723226547    
  0.666498184    
  0.712860107    
  0.674108505    
  0.433849394    
  0.849605560    
  0.630557060    
  0.994940281    
  0.966942310    
  0.266785592    
  0.939572334    
  0.808660030    
  0.938390255    
  0.471078813    
  0.964119911    
  0.581171989    
  0.985493660    
  0.980130196    
  0.426104605    
  0.996432304    
  0.555337429    
  0.252030343    
  0.750272274    
  0.968004704    
  0.859950066    
  0.977287292    
  0.939449787    
  0.927316606    
  0.740739822    
  0.521059036    
  0.984447956    
  0.799393654    
  0.647812843    
  0.955052853    
  0.945280552    
  0.877329826    
  0.394932270    
  0.718865871    
  0.813225806    
  0.692412853    
  0.792995930    
  0.878792286    
  0.975647449    
  0.880208492    
  0.963366032    
  0.916113853    
  0.252135783    
  0.969682693    
  0.817119122    
  0.986363888    
  0.608761787    
  0.905777454    
  0.896473408    
  0.652184963    
  0.811882019    
  0.631949425    
  0.857013226    
  0.725624084    
  0.801328182    
  0.868878424    
  0.939473569    
  0.933527470    
  0.996446609    
  0.993370533    
  0.893992901    
  0.982782841    
  0.970405102    
  0.933384418    
  0.927176952    
  0.870467722    
  0.775016308    
  0.967078209    
  0.984686375    
  0.896529675    
  0.935287952    
  0.789859295    
  0.967910290    
  0.814133167    
  0.900784016    
  0.974064827    
  0.721228600    
  0.501280844    
  0.891759396    
  0.963591099    
  0.810956478    
  0.934449673    
  0.197291330    
  0.714790821    
  0.988987446    
  0.811643600    
  0.933036327    
  0.711588860    
  0.913013935    
  0.748683929    
  0.974781513    
  0.847714901    
  0.999670029    
  0.980879784    
  0.991687775    
  0.364472389    
  0.944325924    
  0.995483398    
  0.681727886    
  0.635917664    
  0.654567242    
  0.598783016    
  0.990258217    
  0.817498207    
  0.982998371    
  0.941237986    
  0.497359306    
  0.910214424    
  0.864021778    
  0.888652325    
  0.233793259    
  0.727669716    
  0.890313148    
  0.888073921    
  0.858440399    
  0.992538929    
  0.993952751    
  0.937687397    
  0.748362541    
  0.786524773    
  0.985864162    
  0.782356739    
  0.752756178    
  0.789523125    
  0.573201180    
  0.999223232    
  0.951724052    
  0.915280342    
  0.633301258    
  0.795733452    
  0.471551418    
  0.922414780    
  0.982059956    
  0.999565601    
  0.123388298    
  0.662653446    
  0.705600739    
  0.460248441    
  0.805607796    
  0.856185436    
  0.798336983    
  0.954070568    
  0.704821110    
  0.970772266    
  0.784638464    
  0.679934978    
  0.443965405    
  0.507639885    
  0.893180370    
  0.878068924    
  0.539752483    
  0.803102970    
  0.908037663    
  0.961114883    
  0.975265980    
  0.899139881    
  0.979187965    
  0.598427773    
  0.871959209    
  0.955021858    
  0.701225281    
  0.828684330    
  0.797014296    
  0.441437215    
  0.988107681    
  0.793330193    
  0.804032803    
  0.571412563    
  0.505591393    
  0.817101955    
  0.400421143    
  0.760503292    
  0.811785698    
  0.890183449    
  0.564393520    
  0.754902363    
  0.917711258    
  0.753136158    
  0.912231445    
  0.953842163    
  0.964588165    
  0.777359486    
  0.972324848    
  0.796895504    
  0.972558975    
  0.776653767    
  0.780133724    
  0.888186932    
  0.768952429    
  0.378281087    
  0.677278996    
  0.961502552    
  0.998339176    
  0.589858055    
  0.799850464    
  0.296657503    
  0.826762676    
  0.882330418    
  0.966009617    
  0.892364979    
  0.599121094    
  0.954582214    
  0.990404606    
  0.826275349    
  0.594257355    
  0.924679756    
  0.554282665    
  0.971019268    
  0.999555111    
  0.277116776    
  0.948264122    
  0.819284916    
  0.675421238    
  0.790695190    
  0.891168594    
  0.757619381    
  0.990523815    
  0.977913380    
  0.894498348    
  0.711577415    
  0.926226616    
  0.908430576    
  0.942221642    
  0.946954727    
  0.888418198    
  0.345789880    
  0.659807205    
  0.745736122    
  0.768084109    
  0.760155201    
  0.787643433    
  0.987539768    
  0.899106979    
  0.759192467    
  0.822494507    
  0.877198219    
  0.973520279    
  0.809636593    
  0.881149769    
  0.769990444    
  0.376265526    
  0.679587841    
  0.790498257    
  0.918630600    
  0.921954155    
  0.927092552    
  0.628778458    
  0.916006088    
  0.511440694    
  0.633758545    
  0.955910683    
  0.357536823    
  0.791780949    
  0.872594357    
  0.977774620    
  0.511176109    
  0.913742542    
  0.843406737    
  0.819277287    
  0.873164237    
  0.140974537    
  0.641249180    
  0.974201679    
  0.818563402    
  0.966357708    
  0.945393085    
  0.679558754    
  0.652072430    
  0.895806372    
  0.917080402    
  0.904346943    
  0.809612751    
  0.495386124    
  0.849261701    
  0.991937160    
  0.755740225    
  0.920656681    
  0.991131306    
  0.971356392    
  0.875322819    
  0.933627605    
  0.866513312    
  0.975517750    
  0.940909863    
  0.901499271    
  0.354602307    
  0.634220123    
  0.598794937    
  0.500380039    
  0.725167751    
  0.734183788    
  0.669106007    
  0.998118877    
  0.712998390    
  0.906632900    
  0.996233463    
  0.989770412    
  0.963118553    
  0.967412949    
  0.784186840    
  0.681376934    
  0.685410976    
  0.823918343    
  0.869246900    
  0.929817200    
  0.656137943    
  0.979815006    
  0.820197999    
  0.920182228    
  0.854115963    
  0.997755527    
  0.776315212    
  0.880770683    
  0.573439121    
  0.793802261    
  0.863989353    
  0.918399811    
  0.761210442    
  0.997893810    
  0.717873096    
  0.883536339    
  0.999889374    
  0.660295963    
  0.985844135    
  0.543187141    
  0.818889618    
  0.805961072    
  0.542023182    
  0.279013157    
  0.741182327    
  0.671618938    
  0.783956051    
  0.881958008    
  0.664078712    
  0.995166779    
  0.533815801    
  0.914847851    
  0.264166892    
  0.916864395    
  0.995261192    
  0.758595884    
  0.685502052    
  0.762053490    
  0.957454205    
  0.523793638    
  0.786431313    
  0.991830349    
  0.899234772    
  0.457034588    
  0.988818169    
  0.793925345    
  0.735726297    
  0.774859428    
  0.756923676    
  0.932182312    
  0.842505038    
  0.980370522    
  0.985640049    
  0.941835403    
  0.939685822    
  0.793335438    
  0.971941471    
  0.697304249    
  0.902429104    
  0.820826530    
  0.704658031    
  0.851266325    
  0.907331944    
  0.993116379    
  0.570826530    
  0.820595741    
  0.862694263    
  0.944808483    
  0.502714097    
  0.697747707    
  0.930188715    
  0.750355721    
  0.897112846    
  0.773109913    
  0.775967121    
  0.643253326    
  0.522038937    
  0.921989918    
  0.924080372    
  0.797153950    
  0.908512115    
  0.973126888    
  0.442763329    
  0.630634308    
  0.901037216    
  0.871025503    
  0.692664623    
  0.854830265    
  0.885699749    
  0.846264839    
  0.937414169    
  0.658512115    
  0.920789242    
  0.833796978    
  0.722059250    
  0.822626591    
  0.864020824    
  0.943976402    
  0.535082340    
  0.824257374    
  0.637539387    
  0.736095846    
  0.977630615    
  0.956243515    
  0.640885830    
  0.993748188    
  0.596005917    
  0.980049133    
  0.785576344    
  0.941005707    
  0.584843159    
  0.946610928    
  0.940522671    
  0.702794552    
  0.685647011    
  0.553880215    
  0.531033993    
  0.724799097    
  0.911859035    
  0.936700344    
  0.921021044    
  0.193196267    
  0.809658527    
  0.903903008    
  0.794614315    
  0.262823045    
  0.630419254    
  0.958976269    
  0.930428982    
  0.678494453    
  0.945899487    
  0.841755867    
  0.468095779    
  0.885329247    
  0.566615582    
  0.342349023    
  0.987785816    
  0.796810150    
  0.792989731    
  0.514498234    
  0.908411503    
  0.850809574    
  0.895416260    
  0.841990471    
  0.596242905    
  0.603170395    
  0.859122276    
  0.198675647    
  0.866492748    
  0.866284370    
  0.684920788    
  0.805108547    
  0.971563339    
  0.853632927    
  0.559272289    
  0.865306914    
  0.176689178    
  0.815078259    
  0.830353260    
  0.676933289    
  0.877199173    
  0.979944706    
  0.910071373    
  0.432283819    
  0.350767136    
  0.791528225    
  0.731221676    
  0.927325726    
  0.927462578    
  0.835432053    
  0.975734711    
  0.795807362    
  0.365272522    
  0.836911201    
  0.896488130    
  0.445998162    
  0.990627766    
  0.953013420    
  0.997673988    
  0.735381603    
  0.944116116    
  0.979823589    
  0.766941071    
  0.187970668    
  0.842025280    
  0.869023323    
  0.992772102    
  0.874713421    
  0.959070683    
  0.514046669    
  0.859747887    
  0.863781929    
  0.983472347    
  0.908177376    
  0.846177578    
  0.990036011    
  0.957783222    
  0.832259178    
  0.975524426    
  0.950148582    
  0.977765083    
  0.541032314    
  0.867586195    
  0.887475014    
  0.306759834    
  0.988748550    
  0.945039272    
  0.663476467    
  0.899328709    
  0.740040243    
  0.903768539    
  0.674833775    
  0.928040504    
  0.700621605    
  0.921154499    
  0.948633671    
  0.998482227    
  0.960289955    
  0.269991457    
  0.981250763    
  0.749886513    
  0.473912269    
  0.817753792    
  0.702644825    
  0.573516369    
  0.733692646    
  0.758477688    
  0.931493819    
  0.175749242    
  0.958053112    
  0.802392960    
  0.847249568    
  0.950171471    
  0.497238696    
  0.832825661    
  0.927220345    
  0.866495132    
  0.299270689    
  0.974945545    
  0.840229988    
  0.805810928    
  0.983981609    
  0.733938694    
  0.895452976    
  0.889216423    
  0.651372910    
  0.940039158    
  0.942939281    
  0.983368874    
  0.811767578    
  0.918393612    
  0.799530029    
  0.952444494    
  0.968366146    
  0.733736992    
  0.693349838    
  0.977079391    
  0.813199997    
  0.935306072    
  0.776777327    
  0.917658806    
  0.467300862    
  0.947298527    
  0.791545391    
  0.933621407    
  0.376953065    
  0.941149235    
  0.946946144    
  0.861999035    
  0.894697189    
  0.877600670    
  0.906236172    
  0.780021667    
  0.970637321    
  0.934595585    
  0.780578136    
  0.983225822    
  0.788588524    
  0.889704704    
  0.996603489    
  0.971560955    
  0.995018005    
  0.994429111    
  0.975755692    
  0.921362877    
  0.914971352    
  0.776895046    
  0.944666386    
  0.944788456    
  0.613863945    
  0.899384499    
  0.975978851    
  0.751535416    
  0.759683132    
  0.745590210    
  0.887600899    
  0.794990063    
  0.781318188    
  0.950644016    
  0.874847889    
  0.773723125    
  0.767623901    
  0.840698242    
  0.537935734    
  0.849127293    
  0.719685555    
  0.804978848    
  0.695748329    
  0.911760807    
  0.568453312    
  0.828209400    
  0.872912407    
  0.678730965    
  0.328880280    
  0.997417927    
  0.958766460    
  0.794894218    
  0.735744894    
  0.908070624    
  0.832383633    
  0.982205868    
  0.831169605    
  0.428930223    
  0.806056976    
  0.836382449    
  0.868303776    
  0.553426743    
  0.791563511    
  0.717316628    
  0.299352586    
  0.859043121    
  0.142432153    
  0.911280155    
  0.803115368    
  0.932209015    
  0.993955135    
  0.987201691    
  0.970973492    
  0.963601589    
  0.785862446    
  0.897110939    
  0.889949322    
  0.904242516    
  0.516049385    
  0.904860973    
  0.740729809    
  0.981103420    
  0.399932384    
  0.706705093    
  0.690649033    
  0.814508379    
  0.969111919    
  0.871734142    
  0.901875496    
  0.916482031    
  0.962424278    
  0.890178680    
  0.776572704    
  0.874395370    
  0.756794035    
  0.879504681    
  0.855470181    
  0.988936424    
  0.859595299    
  0.526389122    
  0.918526649    
  0.989072800    
  0.772959709    
  0.765006065    
  0.945778847    
  0.657331944    
  0.730028152    
  0.800018311    
  0.965047836    
  0.397210151    
  0.728332520    
  0.983837605    
  0.951018810    
  0.746679306    
  0.302607059    
  0.870448589    
  0.826541424    
  0.953742981    
  0.982686043    
  0.653739452    
  0.988222122    
  0.908863068    
  0.970271111    
  0.857250690    
  0.232014179    
  0.990644932    
  0.199287459    
  0.312461853    
  0.932892323    
  0.759162426    
  0.576160431    
  0.995359898    
  0.729679585    
  0.965969086    
  0.708828390    
  0.902333260    
  0.967042446    
  0.861995697    
  0.707547188    
  0.905518055    
  0.998841763    
  0.907541752    
  0.964941025    
  0.845547199    
  0.956622124    
  0.606606960    
  0.954559803    
  0.905075133    
  0.799864292    
  0.378290683    
  0.789428651    
  0.131117880    
  0.928875446    
  0.957815170    
  0.910425186    
  0.993623257    
  0.944465637    
  0.641982555    
  0.533812106    
  0.959565639    
  0.950031757    
  0.474881589    
  0.808231354    
  0.935660362    
  0.574850082    
  0.977778912    
  0.809531212    
  0.924482822    
  0.744915485    
  0.992509365    
  0.596240997    
  0.641631603    
  0.883514881    
  0.720269203    
  0.996683598    
  0.452387303    
  0.929321289    
  0.973622322    
  0.776567459    
  0.991344929    
  0.962553978    
  0.884233952    
  0.882846355    
  0.562471390    
  0.475364745    
  0.872805595    
  0.833090782    
  0.974189281    
  0.934117317    
  0.573427677    
  0.723981380    
  0.700860977    
  0.998030186    
  0.822387218    
  0.983958721    
  0.566775322    
  0.925894737    
  0.970397472    
  0.805927217    
  0.656968594    
  0.726345062    
  0.487260342    
  0.866273880    
  0.507467330    
  0.746330261    
  0.964330196    
  0.837120056    
  0.872601986    
  0.155841395    
  0.871883869    
  0.939577579    
  0.655319691    
  0.890305519    
  0.845706999    
  0.969334126    
  0.895671844    
  0.670519352    
  0.978258610    
  0.247368798    
  0.979705811    
  0.868507862    
  0.956026554    
  0.855898321    
  0.606028557    
  0.956926346    
  0.981127262    
  0.871405661    
  0.998151779    
  0.904844761    
  0.993832111    
  0.855453014    
  0.503948689    
  0.999882698    
  0.761229992    
  0.944314480    
  0.718814373    
  0.978243828    
  0.867579460    
  0.943882465    
  0.994540215    
  0.767489910    
  0.888170242    
  0.925544262    
  0.953016758    
  0.956260681    
  0.534646511    
  0.922469616    
  0.465385437    
  0.988122940    
  0.994088650    
  0.871770799    
  0.626370430    
  0.683618546    
  0.549360752    
  0.987769127    
  0.965905666    
  0.938383579    
