           1        1604
           2        2811
           3        4385
           4        2703
           5        4979
           6        5511
           7        1685
           8        5403
           9        2279
          10        2136
          11        5060
          12        2028
          13        5654
          14        4836
          15        2360
          16        4728
          17        2954
          18        1461
          19        5735
          20        1353
          21         254
          22        4161
          23        3035
          24        4053
          25        3629
          26         786
          27         335
          28         678
          29         929
          30        3486
          31        3710
          32        3378
          33        4304
          34         111
          35        1010
          36           3
          37        1604
          38        2811
          39        4385
          40        2703
          41        4979
          42        5511
          43        1685
          44        5403
          45        2279
          46        2136
          47        5060
          48        2028
          49        5654
          50        4836
          51        2360
          52        4728
          53        2954
          54        1461
          55        5735
          56        1353
          57         254
          58        4161
          59        3035
          60        4053
          61        3629
          62         786
          63         335
          64         678
          65         929
          66        3486
          67        3710
          68        3378
          69        4304
          70         111
          71        1010
          72           3
          73        1604
          74        2811
          75        4385
          76        2703
          77        4979
          78        5511
          79        1685
          80        5403
          81        2279
          82        2136
          83        5060
          84        2028
          85        5654
          86        4836
          87        2360
          88        4728
          89        2954
          90        1461
          91        5735
          92        1353
          93         254
          94        4161
          95        3035
          96        4053
          97        3629
          98         786
          99         335
         100         678


           1   8.03872198E-02
           2   8.04087073E-02
           3  0.134948000    
           4  -2.36807596E-02
           5  -6.02495577E-03
           6   2.48010792E-02
           7   1.56228908E-03
           8   5.10641150E-02
           9   6.17798045E-02
          10   4.47985530E-02
          11   6.49072006E-02
          12   3.11592221E-02
          13   6.58268901E-03
          14   5.73342480E-03
          15  -2.62910612E-02
          16  -2.63508484E-02
          17  -1.88253764E-02
          18  -2.81243641E-02
          19  -2.04150975E-02
          20  -2.18469165E-02
          21  -4.11348008E-02
          22  -4.14519273E-02
          23  -5.31813987E-02
          24  -6.38583228E-02
          25  -5.38038053E-02
          26  -5.53687476E-02
          27  -4.69823889E-02
          28  -3.31382677E-02
          29  -3.60505730E-02
          30  -3.12513299E-02
          31  -3.04958373E-02
          32  -4.23622690E-02
          33  -3.52091193E-02
          34  -3.21342275E-02
          35  -2.91717369E-02
          36  -6.54649455E-03
          37  -5.22103487E-03
          38  -3.81407957E-03
          39   1.54658651E-03
          40  -8.13812483E-03
          41  -6.15044916E-03
          42  -2.37969612E-03
          43  -5.18071838E-03
          44   1.71209686E-03
          45   3.61236930E-03
          46   1.79539446E-03
          47   6.31180545E-03
          48   7.99539441E-04
          49  -3.30454879E-03
          50  -3.32950242E-03
          51  -1.02666169E-02
          52  -1.03224665E-02
          53  -8.89735390E-03
          54  -1.12466030E-02
          55  -9.48269013E-03
          56  -1.00378674E-02
          57  -1.49731664E-02
          58  -1.56983901E-02
          59  -1.91745907E-02
          60  -2.23372355E-02
          61  -2.00970918E-02
          62  -2.06598230E-02
          63  -1.85567457E-02
          64  -1.49406707E-02
          65  -1.61505677E-02
          66  -1.50083303E-02
          67  -1.50087234E-02
          68  -1.84496976E-02
          69  -1.61761232E-02
          70  -1.55238630E-02
          71  -1.49946800E-02
          72  -8.80865380E-03
          73  -8.95233732E-03
          74  -8.87532625E-03
          75  -6.81921467E-03
          76  -9.50746611E-03
          77  -8.25687777E-03
          78  -6.75752619E-03
          79  -7.94787891E-03
          80  -6.15481194E-03
          81  -6.24156976E-03
          82  -6.60209544E-03
          83  -4.98253061E-03
          84  -6.44018501E-03
          85  -7.04555307E-03
          86  -7.02354824E-03
          87  -8.82651843E-03
          88  -8.62312596E-03
          89  -8.48802924E-03
          90  -8.97651911E-03
          91  -8.54764413E-03
          92  -8.75006244E-03
          93  -9.32098273E-03
          94  -9.99068934E-03
          95  -1.05816321E-02
          96  -1.08458176E-02
          97  -1.08483704E-02
          98  -1.05899563E-02
          99  -1.03823747E-02
         100  -1.03823747E-02


           1   2.33650208E-05
           2  0.394613266    
           3  0.266815901    
           4  0.375950336    
           5  0.598301649    
           6  0.656877518    
           7  0.141133785    
           8   3.65939140E-02
           9   3.78890038E-02
          10  0.804078579    
          11  0.150506020    
          12  0.558248997    
          13  0.492895842    
          14  0.103716135    
          15  0.160384893    
          16  0.589100361    
          17   1.34480000E-02
          18   2.30944157E-02
          19  0.150246859    
          20  0.200526476    
          21  0.252457857    
          22   6.03179932E-02
          23  0.766929865    
          24  0.791309357    
          25  0.538500547    
          26  0.580786228    
          27  0.275894642    
          28  0.961756706    
          29  0.247997999    
          30  0.103571653    
          31  0.730962276    
          32  0.286593914    
          33  0.787358761    
          34  0.142393351    
          35  0.208245516    
          36  0.984702587    
          37  0.897915602    
          38  0.269231319    
          39  0.973112106    
          40   9.60159302E-02
          41  0.741116524    
          42  0.947650671    
          43  0.167981148    
          44  0.260067463    
          45  0.954555511    
          46  0.218057632    
          47  0.894904137    
          48  0.654121161    
          49  0.818129778    
          50  0.309234142    
          51  0.299484253    
          52  0.433195114    
          53  0.713323116    
          54  0.824720383    
          55   7.77947903E-02
          56  0.499521494    
          57  0.459552050    
          58  0.692968845    
          59  0.727624178    
          60  0.181692839    
          61  0.713959217    
          62  0.513568640    
          63  0.548875809    
          64  0.957098722    
          65  0.959926128    
          66  0.481930017    
          67  0.798433304    
          68  0.272198677    
          69  0.843292713    
          70  0.221247196    
          71  0.502121210    
          72  0.152426243    
          73  0.831245184    
          74  0.741452217    
          75  0.589241982    
          76  0.393337250    
          77  0.822939634    
          78  0.150251865    
          79  0.284542561    
          80  0.310613632    
          81  0.483451843    
          82  0.376096010    
          83   4.76028919E-02
          84   6.53657913E-02
          85  0.604741335    
          86  0.888630152    
          87  0.208673477    
          88  0.176235914    
          89  0.998373508    
          90  0.665716410    
          91  0.699584484    
          92  0.918965340    
          93   5.30455112E-02
          94  0.539820910    
          95  0.773340702    
          96  0.537944555    
          97  0.236242294    
          98  0.524531841    
          99  0.807951689    
         100  0.246183634    


           1  -4.47355397E-02
           2  -2.95603499E-02
           3   2.45235022E-02
           4   3.87806483E-02
           5   5.12350798E-02
           6   5.79804815E-02
           7   2.72422880E-02
           8   4.07268666E-02
           9   3.76048535E-02
          10   4.15564179E-02
          11   4.00715210E-02
          12   4.69203256E-02
          13   5.07400855E-02
          14   4.55909073E-02
          15   3.99332829E-02
          16   4.23415601E-02
          17   4.49053012E-02
          18   4.24011461E-02
          19   3.37052979E-02
          20   3.11166085E-02
          21   3.29767764E-02
          22   3.25900987E-02
          23   3.03055700E-02
          24   2.54740324E-02
          25   2.69468427E-02
          26   3.09720803E-02
          27   2.71960907E-02
          28   3.00584100E-02
          29   2.68193148E-02
          30   2.39316188E-02
          31   2.11312119E-02
          32   2.20716801E-02
          33   2.21293680E-02
          34   1.79552473E-02
          35   1.47687308E-02
          36   1.39483577E-02
          37   1.45654185E-02
          38   1.54976072E-02
          39   1.12598427E-02
          40   9.94620472E-03
          41   1.07111279E-02
          42   9.67520569E-03
          43   8.89508333E-03
          44   7.37230806E-03
          45   5.13574714E-03
          46   1.41977193E-03
          47  -6.21396874E-04
          48  -2.11041607E-03
          49  -7.73959386E-04
          50  -3.42795574E-05
          51  -2.13004579E-03
          52  -3.93639645E-03
          53  -1.21902081E-03
          54  -7.48929800E-04
          55  -3.21561308E-03
          56  -6.04834547E-03
          57  -6.90041622E-03
          58  -7.05121038E-03
          59  -6.75792852E-03
          60  -9.23282560E-03
          61  -7.91607238E-03
          62  -7.68237840E-03
          63  -6.31012209E-03
          64  -6.51821820E-03
          65  -6.28842507E-03
          66  -5.83667122E-03
          67  -4.98834671E-03
          68  -5.13592688E-03
          69  -5.17180376E-03
          70  -5.34257013E-03
          71  -4.58244188E-03
          72  -6.08656229E-03
          73  -6.51501492E-03
          74  -7.46698678E-03
          75  -6.95728650E-03
          76  -6.02529198E-03
          77  -7.21767591E-03
          78  -8.26323126E-03
          79  -6.97908551E-03
          80  -6.57248218E-03
          81  -7.47793261E-03
          82  -7.39163999E-03
          83  -7.56708300E-03
          84  -8.03082623E-03
          85  -8.19443818E-03
          86  -7.49756582E-03
          87  -7.99633656E-03
          88  -9.13613662E-03
          89  -8.78929347E-03
          90  -9.15389881E-03
          91  -9.82959010E-03
          92  -9.60716885E-03
          93  -9.38274805E-03
          94  -9.59844142E-03
          95  -9.77013912E-03
          96  -9.62737203E-03
          97  -9.62700881E-03
          98  -9.92467534E-03
          99  -9.68404952E-03
         100  -9.68404952E-03
