   1.00000000    
   1.00000000    
   1.00000000    
   1.00000000    
   1.00000000    
   1.00000000    
   1.00000000    
   1.00000000    
   1.00000000    
   1.00000000    
   1.00000000    
   1.00000000    
   1.00000000    
   1.00000000    
   1.00000000    
   1.00000000    
   1.00000000    
   1.00000000    
   1.00000000    
   1.00000000    
   1.00000000    
   1.00000000    
   1.00000000    
   1.00000000    
   1.00000000    
   1.00000000    
   1.00000000    
   1.00000000    
   1.00000000    
   1.00000000    
   1.00000000    
   1.00000000    
   1.00000000    
   1.00000000    
   1.00000000    
   1.00000000    
   1.00000000    
   1.00000000    
   1.00000000    
   1.00000000    
   1.00000000    
   1.00000000    
   1.00000000    
   1.00000000    
   1.00000000    
   1.00000000    
   1.00000000    
   1.00000000    
   1.00000000    
   1.00000000    
   1.00000000    
   1.00000000    
   1.00000000    
   1.00000000    
   1.00000000    
   1.00000000    
   1.00000000    
   1.00000000    
   1.00000000    
   1.00000000    
   1.00000000    
   1.00000000    
   1.00000000    
   1.00000000    
   1.00000000    
   1.00000000    
   1.00000000    
   1.00000000    
   1.00000000    
   1.00000000    
   1.00000000    
   1.00000000    
   1.00000000    
   1.00000000    
   1.00000000    
   1.00000000    
   1.00000000    
   1.00000000    
   1.00000000    
   1.00000000    
   1.00000000    
   1.00000000    
   1.00000000    
   1.00000000    
   1.00000000    
   1.00000000    
   1.00000000    
   1.00000000    
   1.00000000    
   1.00000000    
   1.00000000    
   1.00000000    
   1.00000000    
   1.00000000    
   1.00000000    
   1.00000000    
   1.00000000    
   1.00000000    
   1.00000000    
   1.00000000    
   1.00000000    
   1.00000000    
   1.00000000    
   1.00000000    
   1.00000000    
   1.00000000    
   1.00000000    
   1.00000000    
   1.00000000    
   1.00000000    
   1.00000000    
   1.00000000    
   1.00000000    
   1.00000000    
   1.00000000    
   1.00000000    
   1.00000000    
   1.00000000    
   1.00000000    
   1.00000000    
   1.00000000    
   1.00000000    
   1.00000000    
   1.00000000    
   1.00000000    
   1.00000000    
   1.00000000    
   1.00000000    
   1.00000000    
   1.00000000    
   1.00000000    
   1.00000000    
   1.00000000    
   1.00000000    
   1.00000000    
   1.00000000    
   1.00000000    
   1.00000000    
   1.00000000    
   1.00000000    
   1.00000000    
   1.00000000    
   1.00000000    
   1.00000000    
   1.00000000    
   1.00000000    
   1.00000000    
   1.00000000    
   1.00000000    
   1.00000000    
   1.00000000    
   1.00000000    
   1.00000000    
   1.00000000    
   1.00000000    
   1.00000000    
   1.00000000    
   1.00000000    
   1.00000000    
   1.00000000    
   1.00000000    
   1.00000000    
   1.00000000    
   1.00000000    
   1.00000000    
   1.00000000    
   1.00000000    
   1.00000000    
   1.00000000    
   1.00000000    
   1.00000000    
   1.00000000    
   1.00000000    
   1.00000000    
   1.00000000    
   1.00000000    
   1.00000000    
   1.00000000    
   1.00000000    
   1.00000000    
   1.00000000    
   1.00000000    
   1.00000000    
   1.00000000    
   1.00000000    
   1.00000000    
   1.00000000    
   1.00000000    
   1.00000000    
   1.00000000    
   1.00000000    
   1.00000000    
   17.1178818    
   17.1178818    
   16.3080940    
   16.3080940    
   43.6425438    
   43.6425438    
   6.68497086    
   6.68497086    
   6.68497086    
   6.68497086    
   6.68497086    
   6.68497086    
   6.68497086    
  0.934743881    
  0.934743881    
  0.934743881    
  0.934743881    
  0.934743881    
  0.934743881    
  0.934743881    
  0.934743881    
  0.934743881    
  0.934743881    
  0.934743881    
  0.934743881    
  0.934743881    
  0.934743881    
  0.934743881    
  0.934743881    
  0.934743881    
   3.55875492    
   3.55875492    
   3.55875492    
   3.55875492    
   3.55875492    
   3.55875492    
   3.55875492    
   3.55875492    
   3.55875492    
   3.55875492    
   3.55875492    
   3.55875492    
   3.55875492    
   3.55875492    
  0.607919693    
  0.607919693    
  0.607919693    
  0.607919693    
  0.607919693    
   2.96351910    
   2.96351910    
   2.96351910    
   2.96351910    
   2.96351910    
   2.96351910    
   2.96351910    
   2.96351910    
   2.96351910    
   2.96351910    
   2.96351910    
   2.96351910    
   2.96351910    
   2.96351910    
   2.96351910    
   2.96351910    
   2.96351910    
   2.96351910    
   2.96351910    
   2.96351910    
   2.96351910    
   2.96351910    
   2.96351910    
   2.96351910    
   2.96351910    
   2.96351910    
   2.96351910    
   7.03351498    
   7.03351498    
   7.03351498    
   7.03351498    
   7.03351498    
   7.03351498    
   7.03351498    
   7.03351498    
   7.03351498    
   7.03351498    
   7.03351498    
   7.03351498    
   8.30855370    
   8.30855370    
   10.4969025    
   10.4969025    
   10.4969025    
   10.4969025    
   10.4969025    
   8.10053349    
   8.10053349    
   49.1343002    
   26.6119003    
   42.5190926    
   42.5190926    
   42.5190926    
   17.1155205    
   6.38034344    
   6.38034344    
   6.38034344    
   6.38034344    
   6.38034344    
   4.53405380    
   4.53405380    
   6.17313385    
   6.17313385    
   6.17313385    
   6.17313385    
   6.17313385    
   6.17313385    
   6.17313385    
   6.17313385    
   6.17313385    
   6.17313385    
   6.17313385    
   6.17313385    
   6.17313385    
   6.17313385    
   6.17313385    
   6.17313385    
   6.17313385    
   6.17313385    
   6.17313385    
   6.17313385    
   6.17313385    
   6.17313385    
   6.17313385    
   6.17313385    
   4.10747528    
   11.0019207    
   51.8773079    
   51.8773079    
   51.6907921    
   51.6907921    
   2.27994919    
   2.27994919    
   2.27994919    
   2.27994919    
   2.27994919    
   2.27994919    
   2.27994919    
   2.27994919    
   2.27994919    
   2.27994919    
   2.27994919    
   2.27994919    
   2.27994919    
   2.27994919    
   2.27994919    
   2.27994919    
   2.27994919    
   2.27994919    
   2.27994919    
   2.27994919    
   2.27994919    
   2.27994919    
   2.27994919    
   2.27994919    
   2.27994919    
   2.27994919    
   2.27994919    
   2.27994919    
   2.27994919    
   2.27994919    
   2.27994919    
   2.27994919    
   2.27994919    
   2.27994919    
   2.27994919    
   2.27994919    
   2.27994919    
   2.27994919    
   2.27994919    
   2.27994919    
   2.27994919    
   2.27994919    
   2.27994919    
  0.481557846    
  0.481557846    
  0.481557846    
  0.481557846    
  0.481557846    
  0.481557846    
  0.481557846    
  0.481557846    
  0.481557846    
  0.481557846    
  0.481557846    
  0.481557846    
  0.481557846    
  0.481557846    
  0.481557846    
  0.481557846    
  0.481557846    
  0.481557846    
  0.481557846    
  0.481557846    
  0.481557846    
  0.481557846    
  0.481557846    
  0.481557846    
  0.481557846    
  0.481557846    
  0.481557846    
  0.481557846    
  0.481557846    
  0.481557846    
  0.481557846    
  0.481557846    
  0.481557846    
  0.481557846    
  0.481557846    
  0.481557846    
  0.481557846    
  0.481557846    
  0.481557846    
  0.481557846    
  0.481557846    
  0.481557846    
  0.481557846    
  0.481557846    
  0.481557846    
  0.481557846    
  0.481557846    
  0.481557846    
  0.481557846    
  0.481557846    
  0.481557846    
  0.481557846    
  0.481557846    
  0.481557846    
  0.481557846    
  0.481557846    
  0.481557846    
  0.481557846    
  0.481557846    
  0.481557846    
  0.481557846    
  0.481557846    
  0.481557846    
  0.481557846    
  0.481557846    
  0.481557846    
  0.481557846    
  0.481557846    
  0.481557846    
  0.481557846    
  0.481557846    
  0.960779190    
  0.960779190    
  0.960779190    
  0.960779190    
  0.960779190    
  0.960779190    
  0.960779190    
  0.960779190    
  0.960779190    
  0.960779190    
  0.960779190    
  0.960779190    
  0.960779190    
  0.960779190    
  0.960779190    
  0.960779190    
  0.960779190    
   1.15303993    
   1.15303993    
   1.15303993    
   1.15303993    
   1.15303993    
   1.15303993    
   5.00428677    
   5.00428677    
   5.00428677    
   5.00428677    
   5.00428677    
   5.00428677    
   5.00428677    
   5.00428677    
   5.00428677    
   5.00428677    
   5.00428677    
   13.1022930    
   13.1022930    
   13.1022930    
   13.1022930    
   13.1022930    
   13.1022930    
   13.1022930    
   13.1022930    
   13.1022930    
   13.1022930    
   13.1022930    
   13.1022930    
   13.1022930    
   13.1022930    
   13.1022930    
   13.1022930    
   13.1022930    
   13.1022930    
   13.1022930    
   13.1022930    
   1.00000000    
   3.18381786    
   3.18381786    
   3.18381786    
   2.41665840    
   2.41665840    
   2.38606930    
   2.38606930    
   1.15785599    
   1.11429691    
   1.11429691    
  0.518155098    
   1.75170898    
   1.24614239    
   1.24614239    
   1.24614239    
  0.689148903    
  0.548934937    
   3.02934647    
   1.10113621    
   1.91206932    
   1.91206932    
  0.740814209    
   1.69737339    
   1.69737339    
  0.661039352    
  0.812911987    
   5.00981808    
   1.32133961    
  0.565791130    
   1.66604519    
  0.718164444    
  0.718164444    
   3.30281258    
   3.25510502    
   3.29644680    
   3.29644680    
   4.23676968    
  0.617408752    
  0.725054741    
   3.40995789    
   3.40995789    
   1.58376694    
   1.34806633    
  0.765466690    
   1.83982849    
   6.27119541    
   6.27119541    
   6.27119541    
   4.27796841    
   6.22358322    
   6.22358322    
   1.89397335    
   2.04260349    
  0.995111465    
   4.55167294    
   4.55167294    
   8.69877338    
   1.15714073    
   1.15714073    
   2.00097561    
   1.46503448    
   1.46503448    
   1.46503448    
  0.860452652    
  0.860452652    
   1.10363960    
   3.04105282    
   1.63736343    
   1.61392689    
   1.19314194    
   1.19314194    
   3.43353748    
   3.43353748    
   3.43353748    
   1.55987740    
   1.32300854    
   1.32300854    
   1.32300854    
   3.06434631    
   2.22625732    
   2.64210701    
   1.91602707    
   2.43489742    
  0.756430626    
   1.06587410    
   2.08883286    
   3.17749977    
   3.17749977    
   2.52320766    
   2.91631222    
   2.91631222    
   2.21979618    
  0.976967812    
  0.976967812    
  0.976967812    
  0.794863701    
  0.794863701    
   4.43272591    
   4.43272591    
  0.730323792    
   2.82702446    
   2.82702446    
   1.39400959    
   1.20968819    
   2.36933231    
  0.838065147    
  0.838065147    
  0.798034668    
  0.798034668    
   1.41174793    
  0.345087051    
   2.44064331    
   2.44064331    
   2.44064331    
   7.95505047    
   4.35571671    
   4.35571671    
   3.18398476    
   3.80818844    
   3.80818844    
  0.872159004    
  0.753402710    
   1.52502060    
   1.22666359    
   3.30226421    
   1.52986050    
   1.04966164    
   1.55899525    
   2.35104561    
   6.30097389    
   6.30097389    
   1.81634426    
   1.27062798    
   2.42893696    
   2.58872509    
   1.27682686    
   3.13603878    
   1.42397881    
   1.42397881    
   1.42397881    
   1.68497562    
   2.16634274    
   5.02173901    
   5.02173901    
   2.76677608    
  0.730299950    
   1.14910603    
   1.14910603    
   1.67818069    
  0.674486160    
   4.39143181    
   4.39143181    
   1.25553608    
   1.28591061    
   1.28591061    
   1.80985928    
   1.60281658    
   1.60281658    
  0.590252876    
  0.838088989    
  0.983881950    
   2.08315849    
   2.08315849    
   2.45783329    
   2.45783329    
   1.66835785    
   1.66835785    
   1.66835785    
   1.91700459    
  0.782299042    
   1.90432072    
   2.62432098    
   1.39830112    
   1.39830112    
   1.39830112    
  0.982046127    
   2.59432793    
  0.911998749    
   2.03607082    
   3.17778587    
   1.82113647    
   1.21409893    
   2.39834785    
   2.39834785    
   2.39834785    
   1.97718143    
   1.97718143    
   2.70202160    
   2.70202160    
   2.70202160    
  0.854921341    
   2.26705074    
   3.01103592    
   3.96900177    
   1.49548054    
   1.49548054    
   1.49548054    
   2.74333954    
   1.47182941    
   1.47199631    
  0.871348381    
  0.871348381    
   2.76732445    
   6.83648586    
   6.83648586    
   6.83648586    
   6.83648586    
  0.919580460    
   1.61449909    
  0.922441483    
   2.02426910    
   2.01280117    
   2.01280117    
  0.807213783    
  0.807213783    
   1.67360306    
   1.67360306    
   7.94906616    
   7.94906616    
  0.819706917    
   2.01866627    
   2.15435028    
   1.05359554    
  0.800728798    
  0.800728798    
   2.14371681    
   2.86290646    
   2.86290646    
   1.25012398    
   2.20222473    
   2.20222473    
   1.82840824    
  0.958180428    
   1.89924240    
   1.27575397    
  0.983786583    
   10.7514620    
   10.7514620    
   10.7514620    
   10.7514620    
   10.7514620    
   10.7514620    
   10.7514620    
   10.7514620    
   10.7514620    
   10.7514620    
   10.7514620    
   10.7514620    
   10.7514620    
  0.405907631    
  0.526404381    
   1.35724545    
  0.948262215    
  0.948262215    
   6.84840679    
   6.84840679    
   1.13372803    
   2.21397877    
  0.789237022    
   2.26798058    
   2.26798058    
   1.30629539    
   1.21741295    
   10.8407021    
   10.8407021    
   10.8407021    
   10.8407021    
   10.8407021    
   10.8407021    
   10.8407021    
   10.8407021    
   10.8407021    
   10.8407021    
   10.8407021    
   10.8407021    
   10.8407021    
   10.8407021    
   10.8407021    
  0.872969627    
  0.597524643    
   1.32973194    
   2.66580582    
   2.66580582    
  0.670981407    
   1.54788494    
   1.56016350    
   1.94025040    
   1.94025040    
   1.94025040    
   1.55580044    
   1.55580044    
   2.70769596    
   2.70769596    
   2.70769596    
   2.70769596    
   2.70769596    
   2.17874050    
   1.35169029    
   1.35169029    
   1.12233162    
  0.704574585    
   1.27525330    
  0.645709038    
  0.645709038    
  0.703620911    
  0.767040253    
  0.783705711    
  0.818538666    
   1.16043091    
   1.16043091    
   1.83348656    
  0.766825676    
  0.766825676    
  0.992107391    
  0.889515877    
   1.65524483    
   2.82628536    
   2.82628536    
   2.82628536    
  0.646281242    
  0.646281242    
   2.23166943    
   1.65529251    
   1.65529251    
  0.692272186    
   1.16732121    
  0.510859489    
  0.510859489    
   3.08814049    
   3.08814049    
   3.83229256    
  0.661540031    
  0.525617599    
   2.58271694    
   2.58271694    
   2.58271694    
   1.56731606    
   2.01146603    
   1.00800991    
   1.06503963    
   1.06503963    
   4.17089462    
   4.04040813    
  0.858569145    
  0.858569145    
   1.28631592    
   1.05957985    
  0.962758064    
   1.13284588    
   1.13284588    
   1.13284588    
   1.08494759    
   9.14499760    
   9.14499760    
   2.18412876    
   2.18412876    
  0.537586212    
  0.695633888    
   1.25684738    
   1.02379322    
  0.707840919    
   6.75911903    
   1.56636238    
   1.00669861    
   3.24945450    
   3.24945450    
   3.24945450    
   2.79691219    
   1.32350922    
   1.12662315    
  0.866842270    
   3.56464386    
   3.56464386    
   1.42316818    
   2.09622383    
   1.18074417    
   7.38983154    
   1.12600327    
  0.929903984    
   1.54161453    
   3.67734432    
   3.67734432    
   3.67734432    
   3.67734432    
   2.93962955    
   1.49383545    
  0.816559792    
   1.48189068    
   1.48189068    
   4.30178642    
   4.30178642    
   5.42650223    
   5.42650223    
   2.03554630    
   2.92823315    
   1.49610043    
   1.49610043    
  0.674200058    
  0.586152077    
   1.21588707    
   1.21588707    
   1.40116215    
   2.61826515    
   2.39839554    
   1.16975307    
   1.93419456    
   1.93419456    
   2.05447674    
   1.22680664    
   1.22680664    
   5.70008755    
   1.15494728    
   1.15494728    
   3.24306488    
   3.24306488    
   1.08394623    
   1.76773071    
   3.36835384    
   3.36835384    
  0.813913345    
  0.813913345    
  0.646448135    
   1.13897324    
   5.41458130    
   5.41458130    
   2.06596851    
  0.852966309    
  0.852966309    
  0.852966309    
   1.55541897    
   1.23319626    
   1.02577209    
   1.02577209    
  0.621867180    
  0.799012184    
  0.702834129    
  0.643610954    
  0.857853889    
  0.857853889    
   2.49907970    
   1.20251179    
   1.25148296    
   1.25148296    
   1.04923248    
   1.04923248    
   1.03588104    
  0.525927544    
  0.525927544    
  0.929570198    
   5.28357029    
   5.28357029    
   1.28748417    
   1.68035030    
  0.774002075    
  0.773096085    
   4.98008728    
   4.98008728    
   4.98008728    
  0.962090492    
  0.923919678    
   2.27990150    
   5.76548576    
   5.76548576    
   5.76548576    
   4.98015881    
   1.26836300    
   1.06511116    
  0.657081604    
  0.801920891    
   1.64482594    
   1.71484947    
   1.71484947    
   3.84993553    
   3.84993553    
   2.42872238    
   1.11002922    
   5.77151775    
   1.16169453    
  0.638246536    
   1.90582275    
  0.924634933    
   2.78480053    
   2.78480053    
   1.36506557    
   4.99794483    
   1.42495632    
   1.21397972    
   1.21397972    
   1.00800991    
  0.681424141    
  0.681424141    
  0.530219078    
   1.27403736    
   1.27403736    
   2.72557735    
   1.24621391    
   2.24971771    
   2.53486633    
   2.53486633    
