           1   9.99999046E-02   1.19701435E-04   6.00000000    
           2  0.199999809       1.64317535E-04   8.00000000    
           3  0.300000191       2.24124175E-04   9.00000000    
           4  0.400000095       3.03748820E-04   17.0000000    
           5  0.500000000       4.09034896E-04   19.0000000    
           6  0.599999905       5.47301897E-04   24.0000000    
           7  0.699999809       7.27635866E-04   23.0000000    
           8  0.800000191       9.61216923E-04   37.0000000    
           9  0.900000095       1.26168248E-03   61.0000000    
          10   1.00000000       1.64550182E-03   82.0000000    
          11   1.09999990       2.13239435E-03   95.0000000    
          12   1.20000005       2.74572452E-03   120.000000    
          13   1.30000019       3.51291196E-03   128.000000    
          14   1.40000010       4.46578767E-03   186.000000    
          15   1.50000000       5.64091187E-03   195.000000    
          16   1.59999990       7.07979733E-03   265.000000    
          17   1.70000005       8.82903021E-03   354.000000    
          18   1.80000019       1.09402156E-02   422.000000    
          19   1.90000010       1.34697398E-02   513.000000    
          20   2.00000000       1.64783187E-02   595.000000    
          21   2.10000014       2.00302824E-02   706.000000    
          22   2.20000005       2.41925754E-02   905.000000    
          23   2.29999995       2.90333629E-02   1077.00000    
          24   2.40000010       3.46204713E-02   1183.00000    
          25   2.50000000       4.10194211E-02   1454.00000    
          26   2.60000014       4.82910052E-02   1688.00000    
          27   2.70000005       5.64889833E-02   1985.00000    
          28   2.79999995       6.56570718E-02   2253.00000    
          29   2.90000010       7.58263096E-02   2561.00000    
          30   3.00000000       8.70119557E-02   2994.00000    
          31   3.10000014       9.92106497E-02   3429.00000    
          32   3.20000005      0.112397939       3713.00000    
          33   3.29999995      0.126525700       4309.00000    
          34   3.40000010      0.141520604       4642.00000    
          35   3.50000000      0.157282799       5082.00000    
          36   3.60000014      0.173685357       5524.00000    
          37   3.70000005      0.190574929       5953.00000    
          38   3.79999995      0.207772866       6563.00000    
          39   3.90000010      0.225077614       7129.00000    
          40   4.00000000      0.242268205       7260.00000    
          41   4.09999990      0.259108126       7932.00000    
          42   4.20000029      0.275350630       8283.00000    
          43   4.30000019      0.290744692       8606.00000    
          44   4.40000010      0.305040777       9278.00000    
          45   4.50000000      0.317998081       9313.00000    
          46   4.59999990      0.329390943       9708.00000    
          47   4.70000029      0.339015335       9928.00000    
          48   4.80000019      0.346695006       10046.0000    
          49   4.90000010      0.352286726       9949.00000    
          50   5.00000000      0.355684966       9936.00000    
          51   5.09999990      0.356824964       10005.0000    
          52   5.20000029      0.355684966       9855.00000    
          53   5.30000019      0.352286696       9575.00000    
          54   5.40000010      0.346694946       9492.00000    
          55   5.50000000      0.339015335       9009.00000    
          56   5.59999990      0.329390943       8736.00000    
          57   5.70000029      0.317998081       8478.00000    
          58   5.80000019      0.305040717       8041.00000    
          59   5.90000010      0.290744603       7383.00000    
          60   6.00000000      0.275350630       7098.00000    
          61   6.09999990      0.259108126       6500.00000    
          62   6.20000029      0.242268205       6026.00000    
          63   6.30000019      0.225077569       5448.00000    
          64   6.40000010      0.207772791       5149.00000    
          65   6.50000000      0.190574899       4644.00000    
          66   6.59999990      0.173685357       4217.00000    
          67   6.70000029      0.157282799       3742.00000    
          68   6.80000019      0.141520575       3383.00000    
          69   6.90000010      0.126525640       3086.00000    
          70   7.00000000      0.112397894       2511.00000    
          71   7.09999990       9.92106497E-02   2338.00000    
          72   7.20000029       8.70119557E-02   1958.00000    
          73   7.30000019       7.58262873E-02   1721.00000    
          74   7.40000010       6.56570494E-02   1502.00000    
          75   7.50000000       5.64889647E-02   1297.00000    
          76   7.59999990       4.82910052E-02   1043.00000    
          77   7.70000029       4.10194211E-02   883.000000    
          78   7.80000019       3.46204676E-02   746.000000    
          79   7.90000010       2.90333461E-02   628.000000    
          80   8.00000000       2.41925605E-02   527.000000    
          81   8.10000038       2.00302824E-02   447.000000    
          82   8.19999981       1.64783020E-02   312.000000    
          83   8.30000019       1.34697398E-02   318.000000    
          84   8.40000057       1.09402100E-02   222.000000    
          85   8.50000000       8.82901996E-03   170.000000    
          86   8.60000038       7.07979733E-03   135.000000    
          87   8.69999981       5.64090395E-03   123.000000    
          88   8.80000019       4.46578767E-03   82.0000000    
          89   8.90000057       3.51291033E-03   71.0000000    
          90   9.00000000       2.74572195E-03   49.0000000    
          91   9.10000038       2.13239435E-03   39.0000000    
          92   9.19999981       1.64550019E-03   40.0000000    
          93   9.30000019       1.26168248E-03   27.0000000    
          94   9.40000057       9.61216923E-04   16.0000000    
          95   9.50000000       7.27634761E-04   13.0000000    
          96   9.60000038       5.47301897E-04   8.00000000    
          97   9.69999981       4.09034517E-04   11.0000000    
          98   9.80000019       3.03748820E-04   5.00000000    
          99   9.90000057       2.24124175E-04   3.00000000    
         100   10.0000000       1.64317229E-04   0.00000000    
         101   10.1000004       1.19701435E-04           0
   52.3844757    
   56.6371956    
   57.6114349    
   58.9888000    
   57.3782043    
   57.0461006    
   56.7982712    
   57.4359703    
   53.2855759    
   56.5504150    
   55.4708023    
   56.7140274    
   54.7480659    
   61.2760277    
   51.5466805    
   57.5978088    
   51.4214935    
   51.3083496    
   56.8027382    
   58.3947296    
   56.0939713    
   48.6728668    
   55.2461090    
   56.8993759    
   55.1661682    
   49.9014397    
   57.9604607    
   55.4264069    
   49.1389389    
   61.3771210    
   55.8806000    
   48.4298439    
   54.9260483    
   59.6300468    
   53.7806549    
   58.7668114    
   55.3784180    
   48.7049141    
   55.4481468    
   53.8504982    
   53.4807358    
   53.0375061    
   51.1871490    
   56.0438271    
   62.8860970    
   54.7684555    
   48.8703232    
   57.9972382    
   59.3360786    
   53.4126472    
   61.6504097    
   54.8032303    
   53.2417107    
   45.4092712    
   52.5596428    
   54.7936249    
   58.5544739    
   52.2084656    
   51.4039116    
   52.4621773    
   54.7036247    
   46.9319000    
   45.2027855    
   51.7173653    
   59.9259453    
   61.1001816    
   57.5193939    
   62.3632126    
   56.8754272    
   50.3094902    
   61.6626740    
   63.7347107    
   48.5793152    
   58.1781425    
   44.7030373    
   58.5222511    
   56.1848907    
   59.7328796    
   54.4081917    
   57.3907433    
   55.4913673    
   55.0080070    
   63.0736313    
   59.9218369    
   56.9979706    
   55.0505066    
   52.7832184    
   54.8400040    
   55.7937698    
   56.0045319    
   52.8649063    
   56.6012535    
   61.8750610    
   55.0639725    
   52.6011734    
   56.1074524    
   55.9809990    
   58.5943451    
   51.9676704    
   53.6040688    
   54.9865952    
   47.6893120    
   55.7538681    
   52.7842979    
   52.0103531    
   57.6508865    
   50.1048050    
   58.8687935    
   52.8548660    
   56.0341759    
   56.6657448    
   51.2102928    
   47.1129379    
   55.2504807    
   55.8850975    
   48.7847519    
   51.6520538    
   51.6158524    
   55.2123184    
   57.0174179    
   53.5874062    
   57.6467819    
   51.5793686    
   62.9502144    
   50.8061142    
   55.5921364    
   59.5735970    
   57.2703247    
   60.0950737    
   54.8606186    
   54.6113777    
   60.0354424    
   50.8233871    
   53.1921539    
   53.0998497    
   52.7397003    
   53.6507645    
   53.6172867    
   52.0333252    
   52.2525368    
   55.4748268    
   54.6822777    
   54.8342743    
   50.7208176    
   56.3375664    
   54.0055046    
   48.9881668    
   52.3059769    
   44.7484207    
   62.1044044    
   50.1770897    
   59.1299133    
   55.6406441    
   51.1500320    
   63.4284401    
   47.6519127    
   56.8644028    
   54.9332886    
   56.0179596    
   59.2558784    
   51.1514969    
   59.2712097    
   50.1789055    
   55.9277153    
   54.9510956    
   52.2847633    
   59.8474121    
   54.5945816    
   46.6074181    
   58.8005333    
   56.5655365    
   50.4792252    
   51.6263161    
   51.0822105    
   51.1022224    
   63.3861198    
   53.4887924    
   47.2287064    
   57.6354980    
   53.8428497    
   51.7609215    
   56.4490852    
   50.3577042    
   57.1172218    
   54.4478607    
   51.0862045    
   53.5415421    
   50.6869011    
   52.6800003    
   48.6428642    
   62.8374710    
   57.9734535    
   54.4179039    
   58.9407196    
   58.5304298    
   52.7642555    
   55.9480820    
   54.2691994    
   54.7619781    
   52.8008232    
   61.3916931    
   58.8649826    
   55.2456436    
   49.6443672    
   53.8218346    
   57.6034775    
   57.5409546    
   51.3158150    
   52.4453583    
   51.3482895    
   51.9674873    
   61.5336380    
   50.0024681    
   53.4193840    
   48.5693398    
   55.6433334    
   50.3514290    
   59.7268295    
   56.1794510    
   59.6049500    
   56.4257202    
   49.8373680    
   54.9369926    
   51.0298233    
   52.5421104    
   59.6147308    
   50.4995041    
   61.1612091    
   58.5027237    
   56.9102097    
   52.3641052    
   60.3535919    
   55.1062775    
   53.1920624    
   57.3421593    
   54.4287682    
   57.5475998    
   52.6311264    
   54.2777786    
   64.4470901    
   50.8269272    
   44.7409782    
   55.0167160    
   56.1036301    
   57.6582832    
   58.0638542    
   54.5276833    
   60.6469078    
   52.9236336    
   57.9878197    
   50.0082817    
   52.8846817    
   49.7644043    
   61.1288872    
   57.3363533    
   60.9475861    
   55.5881424    
   53.3802032    
   50.1124268    
   43.9706497    
   54.1739311    
   57.8179474    
   56.2457695    
   61.3965950    
   56.7557526    
   57.0203743    
   55.6341629    
   49.4921570    
   54.7297287    
   53.2139206    
   47.0760803    
   56.0475121    
   52.5385094    
   53.0683365    
   39.4896088    
   57.3749695    
   47.5150375    
   56.2357445    
   51.3948364    
   53.8917694    
   62.0218811    
   57.6488190    
   47.5526695    
   54.1138611    
   56.3040390    
   56.8722839    
   49.5455093    
   52.6873932    
   52.5364761    
   66.1053467    
   50.9279556    
   45.1865501    
   58.1922302    
   54.0742989    
   54.8639908    
   55.0518036    
   54.1881561    
   57.5676308    
   65.0092850    
   62.0683632    
   62.6706696    
   65.1618576    
   54.6948433    
   49.1168938    
   55.8095665    
   55.0602188    
   47.7684059    
   53.5966988    
   53.2329597    
   52.9249458    
   56.8855858    
   51.3162308    
   55.0158081    
   63.1392250    
   52.0831680    
   56.5531387    
   60.4347496    
   56.4256630    
   61.6076622    
   49.0482216    
   61.3240814    
   56.2135429    
   46.6974030    
   48.2188644    
   53.2883949    
   56.4743080    
   46.0317421    
   45.3381653    
   49.7692108    
   50.6750717    
   59.2769165    
   48.8381348    
   53.3041878    
   58.2825584    
   59.5439987    
   53.8644600    
   57.0720177    
   59.8517952    
   55.4360847    
   45.0681419    
   59.7173195    
   56.6102600    
   54.6410637    
   48.4852905    
   55.7315865    
   58.5461693    
   58.8810272    
   53.8220978    
   56.6096077    
   59.7161751    
   50.9981918    
   53.7169418    
   54.4519539    
   63.4956093    
   57.1706581    
   51.8501015    
   54.2482986    
   44.7407036    
   57.5808372    
   55.3571091    
   51.6495628    
   54.9485016    
   53.2248306    
   52.3785400    
   49.7016220    
   50.4967499    
   59.0841713    
   58.7373466    
   51.2310028    
   53.3569069    
   53.1925468    
   64.7101288    
   57.1807785    
   56.6045341    
   59.6234322    
   49.2252693    
   62.1142960    
   58.8689117    
   53.9662666    
   50.9847641    
   63.8270607    
   54.3722801    
   57.3846970    
   50.8752289    
   59.4121094    
   56.0300751    
   58.1918869    
   52.5658760    
   54.2516861    
   54.9666138    
   47.8191605    
   53.4757881    
   58.3015404    
   57.4831696    
   52.1334419    
   56.1752167    
   54.1573372    
   52.9173279    
   57.4073830    
   43.3368683    
   53.0081253    
   50.6443939    
   59.7056427    
   53.3921661    
   59.2007484    
   46.3466377    
   56.1609802    
   57.4867363    
   59.3392029    
   61.4364281    
   59.3377151    
   59.1090164    
   60.0090942    
   56.4898567    
   62.8895607    
   57.4189034    
   60.8130035    
   59.2619133    
   57.1579933    
   60.6283875    
   52.5559387    
   55.6195221    
   57.0008469    
   52.3370323    
   54.0918732    
   52.1104355    
   59.3171577    
   54.6928329    
   50.4374504    
   55.0701942    
   54.4541550    
   47.0668411    
   58.2633247    
   49.3273849    
   51.2873955    
   54.4446640    
   55.4526558    
   54.5379333    
   58.5770721    
   56.0194092    
   61.7229691    
   60.4060249    
   55.3171921    
   59.2575493    
   47.9957962    
   57.0001755    
   52.3443756    
   55.3065987    
   56.8069954    
   53.4931908    
   62.0262947    
   56.1479530    
   53.5355225    
   54.9135056    
   46.8549728    
   54.5502472    
   52.8364754    
   53.7439041    
   53.2104568    
   58.6686440    
   54.0710754    
   50.7469635    
   59.6745148    
   51.7619438    
   60.7218475    
   57.2042007    
   52.8472061    
   48.8097420    
   54.0081215    
   58.3288155    
   54.9547272    
   53.9442062    
   58.1500435    
   57.3977242    
   52.6641541    
   53.3595772    
   46.5220375    
   56.9574509    
   54.8341026    
   48.5542221    
   50.3616676    
   57.4173775    
   57.3477135    
   52.9210358    
   56.0265923    
   56.0987053    
   66.7145996    
   59.5709229    
   58.7621880    
   51.7615128    
   54.5083466    
   60.3284874    
   51.4443665    
   54.4474640    
   49.0028954    
   63.0832901    
   58.5125618    
   55.0087585    
   54.7070007    
   50.7513580    
   49.2682037    
   63.2609138    
   52.7934532    
   56.3858032    
   52.4333954    
   57.7735786    
   54.2910690    
   59.6093674    
   50.9929886    
   49.6967583    
   53.7306633    
   58.6577034    
   55.8904190    
   51.1800766    
   58.3042412    
   54.9086914    
   56.6534843    
   49.2995987    
   58.2498932    
   56.7183571    
   49.4442520    
   58.6268768    
   57.0977211    
   44.6825790    
   53.2070351    
   57.4158936    
   51.4957542    
   49.8212852    
   58.5607986    
   62.9388390    
   52.5858231    
   47.7208633    
   50.1728859    
   46.2313194    
   47.7755890    
   46.5916290    
   53.8039246    
   55.2357712    
   53.5409241    
   59.2708397    
   52.5251808    
   57.2432518    
   54.4684830    
   55.7670174    
   53.2441063    
   62.8668098    
   52.4650803    
   64.6234436    
   60.2187157    
   52.9406586    
   54.7884827    
   57.2523613    
   59.3871231    
   55.9905128    
   55.6935425    
   54.4356918    
   54.4820595    
   52.8437004    
   52.5094299    
   48.4126778    
   48.0794029    
   45.7559204    
   49.0339279    
   49.6672974    
   59.8697395    
   61.6600304    
   54.2408104    
   56.5587959    
   53.5758438    
   50.6354904    
   51.4515762    
   54.4923172    
   55.1303215    
   60.3936653    
   58.7719803    
   52.7208443    
   59.2526131    
   51.7282295    
   56.2339668    
   62.1703300    
   55.1292686    
   47.5364494    
   52.1307907    
   51.4376221    
   44.8431091    
   49.7178154    
   54.2420807    
   50.7134781    
   47.9656219    
   56.5125313    
   60.7764740    
   60.7774124    
   54.0209045    
   46.5187950    
   49.3433228    
   51.3913956    
   54.1054764    
   57.0852585    
   54.1789246    
   55.4714050    
   54.2981491    
   60.2736130    
   53.3054047    
   51.8748856    
   57.6041946    
   55.2444000    
   55.8853912    
   63.3586197    
   51.6644936    
   48.7352104    
   52.3714447    
   57.2411728    
   53.6575623    
   57.5059586    
   55.5974731    
   56.1901817    
   53.3684235    
   59.1018906    
   60.0474205    
   51.9743881    
   63.2418251    
   59.5840797    
   56.9883804    
   55.4454308    
   58.1035423    
   56.2831154    
   51.7212944    
   56.9365463    
   53.2489243    
   63.4446259    
   58.7983551    
   55.2590218    
   50.1775780    
   62.1931839    
   52.1973953    
   58.0499306    
   56.8489151    
   59.0593071    
   53.3129311    
   48.3431625    
   64.1797714    
   46.1812630    
   53.6032410    
   50.4417305    
   57.5972557    
   57.4666710    
   54.8037529    
   52.1006317    
   52.9582710    
   53.5640144    
   50.6703148    
   63.2698593    
   52.5263329    
   51.4531860    
   61.9918175    
   61.9729385    
   51.5702972    
   56.1287346    
   60.0663681    
   55.3292007    
   56.5134163    
   52.8291092    
   67.3084869    
   55.2566452    
   56.6665192    
   56.8032761    
   56.0496483    
   56.9407158    
   60.1328888    
   54.1489105    
   60.2042274    
   58.0353775    
   49.4729309    
   52.8377991    
   47.9770775    
   57.9461327    
   53.2379417    
   54.5394096    
   52.1894836    
   52.6166000    
   55.7297401    
   57.5549393    
   56.5167694    
   54.3124580    
   58.2767296    
   58.2411728    
   54.0630455    
   49.6692886    
   55.2288818    
   46.8247681    
   52.8847160    
   55.7936058    
   51.4856453    
   50.9581451    
   52.8694916    
   58.1902084    
   57.8682251    
   47.5807037    
   46.5263062    
   57.2504425    
   58.7795372    
   61.8191681    
   51.6618118    
   50.4920769    
   54.8612671    
   47.0272141    
   55.8800812    
   54.4633904    
   53.5023460    
   56.7583008    
   57.1625710    
   61.2166214    
   55.5118408    
   54.8109550    
   60.2315445    
   55.5510025    
   54.9950752    
   59.8545761    
   53.0508385    
   60.4995689    
   54.0720062    
   57.0255508    
   49.7202759    
   58.2887115    
   58.8354111    
   54.2069511    
   52.0284462    
   59.1569290    
   50.8120842    
   50.2663345    
   51.4915810    
   53.8210793    
   55.9945869    
   51.1757774    
   52.3517151    
   44.0446396    
   60.1138496    
   56.3585854    
   47.9922638    
   57.6648445    
   50.5204048    
   47.9693718    
   60.8886719    
   51.7486267    
   54.9247131    
   64.6959839    
   57.7516518    
   55.8861427    
   54.2328720    
   53.0728035    
   54.5851936    
   51.5682106    
   50.4618073    
   52.0517235    
   56.8712540    
   49.2470856    
   58.6388626    
   50.6461296    
   55.0261269    
   63.6523323    
   48.4874992    
   54.8994370    
   60.0431519    
   55.2218857    
   57.6170616    
   55.3631134    
   58.1185837    
   56.5523491    
   52.8300667    
   56.7135429    
   57.0894051    
   53.5643692    
   51.9485435    
   56.1410065    
   55.4397888    
   53.1897888    
   54.8564034    
   62.7737694    
   52.7655602    
   51.1016998    
   57.0003548    
   52.4256401    
   49.9826622    
   46.7995224    
   50.0026093    
   51.8064270    
   48.8464928    
   56.4709816    
   57.4927292    
   44.3220558    
   51.0389328    
   50.8823204    
   47.8592300    
   54.5276566    
   61.0559731    
   57.3006020    
   56.5926056    
   50.5661087    
   57.3535156    
   51.2595978    
   62.9224129    
   63.5783157    
   51.9304199    
   50.3057365    
   53.5765762    
   65.1106873    
   55.0169067    
   60.6757736    
   51.8902016    
   53.9114456    
   52.6854324    
   54.5108528    
   53.4116669    
   61.1336746    
   58.4150963    
   59.3460617    
   53.3447037    
   57.9167557    
   67.8504105    
   47.0677414    
   56.2090378    
   56.3783646    
   53.9771385    
   57.8163948    
   46.8402328    
   52.6108055    
   52.5986862    
   59.3902664    
   55.5273819    
   52.4211922    
   46.0345612    
   57.1869240    
   58.5655861    
   53.8453102    
   54.9139633    
   57.9075089    
   54.8741226    
   56.7011108    
   57.7550125    
   60.9753494    
   54.4558372    
   50.9583282    
   59.1221657    
   53.0468254    
   53.4286346    
   48.9699669    
   60.0734253    
   56.0610352    
   50.1772461    
   60.9390602    
   51.1083374    
   54.0015526    
   57.8693352    
   50.5160446    
   65.1632996    
   52.9063263    
   53.7710190    
   50.2460747    
   62.9990349    
   51.6403236    
   57.6466560    
   53.3198853    
   43.1933670    
   54.0353088    
   48.6010170    
   67.3466644    
   56.7170715    
   57.1383057    
   57.7322769    
   55.5207825    
   57.1422806    
   60.5725517    
   49.2242241    
   58.5268669    
   51.6320000    
   48.1337814    
   52.9318085    
   57.7999878    
   60.6133957    
   59.4743118    
   43.9048271    
   52.8226166    
   48.2121582    
   51.3044701    
   56.8587494    
   55.6796722    
   48.9688873    
   53.3744469    
   63.4082298    
   51.8226547    
   48.8638992    
   59.5399818    
   50.3997002    
   47.3669777    
   55.2713356    
   58.4164314    
   58.1174469    
   49.0098648    
   50.3704300    
   59.9994507    
   58.8822632    
   55.2910538    
   56.7290649    
   54.2769890    
   53.9708290    
   59.3416443    
   55.2832260    
   54.9478149    
   50.5814934    
   58.3339844    
   54.6147156    
   55.3345947    
   56.3101921    
   49.2024422    
   54.0635834    
   52.6136284    
   55.2666893    
   59.0205154    
   47.8738976    
   50.7025604    
   53.4489670    
   55.6001167    
   57.6306305    
   54.9321480    
   50.0908203    
   40.2823448    
   55.6283798    
   60.4569664    
   59.0297775    
   55.3389435    
   61.1931229    
   50.8949394    
   52.5586739    
   55.9457359    
   50.5260925    
   55.0277672    
   56.5501862    
   47.6734772    
   63.1713028    
   53.3696327    
   53.8148689    
   51.4635124    
   50.2721024    
   57.5316277    
   54.1086273    
   52.3820724    
   49.4661217    
   57.1600609    
   52.3533249    
   49.8893471    
   57.5941315    
   49.5743370    
   55.4480286    
   51.5711136    
   51.4603958    
   51.5558281    
   58.4704933    
   60.0833130    
   54.2147560    
   53.4636841    
   55.7312126    
   59.4558525    
   55.5245705    
   52.7686653    
   53.9066200    
   62.3523712    
   53.7795448    
   58.2394562    
   53.5566483    
   48.8982315    
   50.8676720    
   53.2842979    
   55.5927773    
   63.7303696    
   53.4813042    
   61.2245255    
   58.3093948    
   52.4438210    
   56.7304688    
   55.6904678    
   52.6390800    
   56.9674911    
   45.6338158    
   57.1486816    
   58.2642670    
   46.1414833    
   55.6669312    
   58.3022499    
   50.3276100    
   61.9210510    
   55.4341316    
   55.8431778    
   50.2595177    
   54.9652824    
   47.3814430    
   58.6275482    
   51.8684502    
   56.5728111    
   50.4138260    
   59.2245445    
