0.00    5.00000    5.00000    5.00000
0.05    5.78455   10.69935    6.13802
0.10    8.79429   17.32210    9.98664
0.15   13.46742   23.73716   19.57474
0.20   18.14174   22.84367   35.88160
0.25   18.27798    9.29602   47.10687
0.30   11.96979   -4.34760   43.07799
0.35    4.12842   -8.61038   35.01162
0.40   -1.35256   -8.54320   30.13899
0.45   -4.34792   -8.03757   27.60464
0.50   -5.90104   -7.95071   26.15261
0.55   -6.81682   -8.28277   25.33636
0.60   -7.52625   -8.87602   25.06549
0.65   -8.20182   -9.53292   25.33675
0.70   -8.85304  -10.02829   26.10550
0.75   -9.38750  -10.14321   27.20274
0.80   -9.66915   -9.75664   28.31065
0.85   -9.59575   -8.94552   29.05249
0.90   -9.17366   -7.97946   29.17432
0.95   -8.53456   -7.17440   28.66862
1.00   -7.87502   -6.73372   27.73115
1.05   -7.37063   -6.70812   26.62698
1.10   -7.12744   -7.05347   25.59662
1.15   -7.18141   -7.69166   24.83430
1.20   -7.51750   -8.52611   24.49740
1.25   -8.08091   -9.41947   24.70453
1.30   -8.77191  -10.16628   25.49790
1.35   -9.43561  -10.50829   26.76821
1.40   -9.87505  -10.23820   28.19238
1.45   -9.91592   -9.36432   29.29433
1.50   -9.50652   -8.17944   29.67625
1.55   -8.77006   -7.10516   29.24642
1.60   -7.94518   -6.44473   28.21613
1.65   -7.26499   -6.28627   26.91403
1.70   -6.87650   -6.57820   25.63558
1.75   -6.83433   -7.23009   24.60838
1.80   -7.13109   -8.14886   24.01590
1.85   -7.72019   -9.21300   24.01530
1.90   -8.51285  -10.22174   24.71350
1.95   -9.35650  -10.87160   26.08193
2.00  -10.02483  -10.83638   27.83625
2.05  -10.26883   -9.98437   29.41440
2.10   -9.94601   -8.57375   30.21573
2.15   -9.13839   -7.14731   29.97976
2.20   -8.12390   -6.16920   28.90083
2.25   -7.21541   -5.80349   27.39122
2.30   -6.62365   -5.99090   25.82748
2.35   -6.43201   -6.61441   24.48016
2.40   -6.64110   -7.57721   23.55434
2.45   -7.21192   -8.78340   23.23622
2.50   -8.07358  -10.06731   23.69733
2.55   -9.09517  -11.12078   25.02387
2.60  -10.04676  -11.50525   27.05364
2.65  -10.60962  -10.86734   29.21995
2.70  -10.50666   -9.30084   30.68641
2.75   -9.70844   -7.43402   30.87714
2.80   -8.49937   -5.98358   29.86764
2.85   -7.29632   -5.28189   28.16669
2.90   -6.41551   -5.28033   26.28303
2.95   -5.99301   -5.81092   24.55686
3.00   -6.04013   -6.74980   23.21310
3.05   -6.51974   -8.02434   22.44827
3.10   -7.37893   -9.53474   22.47612
3.15   -8.52789  -11.03976   23.50334
3.20   -9.77869  -12.06667   25.58212
3.25  -10.79115  -12.00725   28.32890
3.30  -11.13585  -10.56713   30.77498
3.35  -10.55577   -8.25003   31.84471
3.40   -9.22702   -6.09329   31.21382
3.45   -7.66597   -4.80940   29.42054
3.50   -6.36748   -4.45781   27.19812
3.55   -5.58204   -4.79271   25.03269
3.60   -5.34953   -5.60823   23.18644
3.65   -5.62404   -6.82111   21.84466
3.70   -6.35502   -8.40303   21.21485
3.75   -7.49596  -10.25500   21.56691
3.80   -8.94917  -12.04226   23.18140
3.85  -10.46256  -13.06962   26.09767
3.90  -11.55253  -12.49766   29.64969
3.95  -11.64754  -10.14526   32.34848
4.00  -10.53833   -7.07207   32.91102
4.05   -8.66620   -4.71349   31.43395
4.10   -6.77880   -3.63144   28.93858
4.15   -5.39866   -3.56528   26.27479
4.20   -4.67983   -4.12112   23.84305
4.25   -4.56995   -5.10040   21.82008
4.30   -4.98332   -6.48281   20.35254
4.35   -5.87525   -8.31078   19.65492
4.40   -7.23169  -10.54067   20.06347
4.45   -8.98994  -12.81969   22.00422
4.50  -10.88614  -14.24121   25.68038
4.55  -12.30057  -13.54463   30.32279
4.60  -12.41352  -10.36754   33.81245
4.65  -10.91122   -6.31064   34.30985
4.70   -8.45944   -3.44506   32.19856
4.75   -6.10234   -2.31156   29.06150
4.80   -4.45842   -2.32347   25.92929
4.85   -3.61570   -2.89940   23.13648
4.90   -3.43004   -3.80990   20.76758
4.95   -3.76159   -5.07456   18.89414
5.00   -4.55784   -6.82314   17.66294
5.05   -5.84784   -9.18209   17.37005
5.10   -7.68442  -12.08948   18.53947
5.15  -10.00502  -14.91142   21.85715
5.20  -12.36006  -16.02963   27.49756
5.25  -13.68601  -13.58361   33.63646
5.30  -12.85390   -8.16582   36.63340
5.35  -10.02870   -3.21844   35.16594
5.40   -6.68466   -0.83156   31.45041
5.45   -4.07677   -0.37510   27.58149
5.50   -2.52745   -0.69817   24.17512
5.55   -1.81689   -1.23050   21.23426
5.60   -1.65129   -1.85788   18.69730
5.65   -1.84688   -2.66326   16.53923
5.70   -2.34665   -3.80934   14.78118
5.75   -3.19567   -5.51500   13.52249
5.80   -4.52133   -8.04562   13.02574
5.85   -6.50934  -11.60623   13.88387
5.90   -9.30686  -15.89725   17.21439
5.95  -12.68633  -19.06848   24.29727
6.00  -15.37373  -17.33218   34.06248
6.05  -15.11310   -9.45236   40.29476
6.10  -11.31402   -1.29530   38.75257
6.15   -6.34508    2.38141   33.51940
6.20   -2.47904    2.96189   28.69654
6.25   -0.17791    2.74989   24.93096
6.30    1.06204    2.72209   21.88705
6.35    1.81723    3.11692   19.35783
6.40    2.48473    3.99325   17.29648
6.45    3.31906    5.44094   15.76483
6.50    4.51471    7.61600   14.96665
6.55    6.25256   10.65250   15.35776
6.60    8.66158   14.34018   17.77544
6.65   11.60010   17.40232   23.22044
6.70   14.19019   17.04201   31.28753
6.75   14.69470   11.47164   37.82136
6.80   12.13343    4.10476   38.30014
6.85    7.91809   -0.28476   34.30391
6.90    4.16922   -1.48164   29.64835
6.95    1.75127   -1.37137   25.70560
7.00    0.45609   -1.09471   22.42596
7.05   -0.18866   -0.99747   19.62119
7.10   -0.54746   -1.12398   17.19144
7.15   -0.83789   -1.47468   15.08747
7.20   -1.18963   -2.09303   13.28674
7.25   -1.70492   -3.09298   11.79840
7.30   -2.50307   -4.67770   10.69554
7.35   -3.75405   -7.15280   10.19819
7.40   -5.69771  -10.86808   10.86179
7.45   -8.59793  -15.83664   13.90642
7.50  -12.44544  -20.48203   21.25862
7.55  -16.09153  -20.09172   33.10097
7.60  -16.62586  -11.14263   42.29313
7.65  -12.46244   -0.43378   41.26225
7.70   -6.40336    4.40556   35.02382
7.75   -1.62142    5.07967   29.68712
7.80    1.21237    4.84737   25.96381
7.85    2.76943    4.95790   23.21323
7.90    3.79129    5.66600   21.14216
7.95    4.76698    6.98830   19.76083
8.00    5.97755    8.90021   19.26904
8.05    7.56222   11.25801   20.03825
8.10    9.49509   13.54367   22.52102
8.15   11.44883   14.61853   26.79555
8.20   12.67828   13.16496   31.66755
8.25   12.34549    9.28903   34.64448
8.30   10.37804    5.14961   34.26478
8.35    7.71071    2.66375   31.56609
8.40    5.39995    1.90436   28.22744
8.45    3.91599    2.11662   25.07486
8.50    3.23030    2.77190   22.31248
8.55    3.16034    3.71768   19.98409
8.60    3.57266    5.02083   18.15259
8.65    4.43528    6.83871   16.96845
8.70    5.79970    9.31833   16.74776
8.75    7.73924   12.40315   18.06566
8.80   10.19848   15.39863   21.69432
8.85   12.68627   16.48801   27.83420
8.90   14.01550   13.61845   34.37956
8.95   12.96425    7.65033   37.26400
9.00    9.82806    2.50931   35.35462
9.05    6.27886    0.22444   31.32810
9.10    3.60307   -0.12444   27.34022
9.15    2.04694    0.20926   23.89538
9.20    1.32359    0.66208   20.93234
9.25    1.10530    1.12992   18.36353
9.30    1.19003    1.68325   16.14218
9.35    1.50171    2.45075   14.25230
9.40    2.05761    3.60416   12.71695
9.45    2.94960    5.37940   11.63897
9.50    4.34255    8.08483   11.30037
9.55    6.46630   11.99300   12.36905
9.60    9.52049   16.81790   16.17735
9.65   13.27685   20.36449   24.35909
9.70   16.20981   17.94219   35.60137
9.75   15.58176    8.40317   42.02233
9.80   10.96283   -0.51819   39.31679
9.85    5.40000   -3.92549   33.36701
9.90    1.32450   -4.24194   28.50557
9.95   -1.02480   -4.03883   24.93953
10.00   -2.32672   -4.21796   22.17249
10.05   -3.22743   -4.96446   20.00694
10.10   -4.14772   -6.31948   18.47218
10.15   -5.34668   -8.32732   17.76824
10.20   -6.98659  -10.95500   18.30248
10.25   -9.10671  -13.80257   20.68698
10.30  -11.45194  -15.66516   25.35758
10.35  -13.22223  -14.67445   31.39091
10.40  -13.25348  -10.27923   35.70688
10.45  -11.14562   -5.01802   35.80259
10.50   -7.95690   -1.75502   32.76759
10.55   -5.10270   -0.72877   28.94527
10.60   -3.22975   -0.85468   25.42132
10.65   -2.28059   -1.36989   22.35964
10.70   -1.98099   -2.03471   19.72096
10.75   -2.11774   -2.88607   17.48254
10.80   -2.60339   -4.07554   15.67105
10.85   -3.46208   -5.81557   14.39624
10.90   -4.80498   -8.35045   13.93481
10.95   -6.79512  -11.82871   14.88491
11.00   -9.53504  -15.84775   18.30514
11.05  -12.72693  -18.51468   25.22932
11.10  -15.08729  -16.42121   34.24923
11.15  -14.60135   -8.96145   39.59379
11.20  -10.94489   -1.58413   37.92952
11.25   -6.32650    1.73580   33.00422
11.30   -2.75463    2.27120   28.36966
11.35   -0.63190    2.04408   24.64212
11.40    0.49064    1.93207   21.56459
11.45    1.12974    2.14980   18.95454
11.50    1.63994    2.73955   16.74662
11.55    2.24342    3.77016   14.94572
11.60    3.10821    5.39437   13.63864
11.65    4.40837    7.84350   13.06963
11.70    6.34573   11.32028   13.79889
11.75    9.08251   15.58138   16.90083
11.80   12.43820   18.92847   23.68257
11.85   15.23687   17.65879   33.37445
11.90   15.24501   10.11861   40.07517
11.95   11.65531    1.77088   39.02997
12.00    6.69049   -2.22096   33.89375
12.05    2.72074   -2.93432   28.99932
12.10    0.32461   -2.73287   25.16779
12.15   -0.96708   -2.67531   22.07794
12.20   -1.73728   -3.02928   19.50923
12.25   -2.39479   -3.85619   17.40480
12.30   -3.20040   -5.24063   15.81568
12.35   -4.35007   -7.33618   14.92708
12.40   -6.02625  -10.29242   15.16282
12.45   -8.37140  -13.96606   17.32384
12.50  -11.29303  -17.23134   22.44770
12.55  -14.01103  -17.38536   30.41870
12.60  -14.82372  -12.26102   37.44727
12.65  -12.53877   -4.74760   38.59745
12.70   -8.35598    0.06823   34.83131
12.75   -4.46914    1.50875   30.11499
12.80   -1.89913    1.46092   26.08461
12.85   -0.50203    1.18220   22.74585
12.90    0.19852    1.07698   19.89983
12.95    0.58723    1.20641   17.43824
13.00    0.89793    1.57377   15.30968
13.05    1.27047    2.22389   13.49270
13.10    1.81377    3.27425   12.00081
13.15    2.65281    4.93357   10.91774
13.20    3.96310    7.50978   10.48738
13.25    5.98649   11.33157   11.31299
13.30    8.97002   16.30769   14.67955
13.35   12.82664   20.59702   22.45816
13.40   16.23866   19.35859   34.26559
13.45   16.28504    9.95321   42.41139
13.50   11.84247   -0.14404   40.55149
13.55    5.91384   -4.35903   34.34727
13.60    1.39683   -4.85226   29.20985
13.65   -1.24290   -4.62919   25.57551
13.70   -2.69966   -4.78269   22.84682
13.75   -3.68220   -5.53078   20.77350
13.80   -4.65224   -6.89439   19.38133
13.85   -5.87924   -8.86564   18.88008
13.90   -7.50348  -11.31863   19.66238
13.95   -9.50568  -13.73408   22.22576
14.00  -11.55436  -14.91116   26.70132
14.05  -12.86271  -13.40589   31.85819
14.10  -12.52101   -9.29542   35.00685
14.15  -10.44146   -4.92398   34.56772
14.20   -7.63298   -2.34946   31.70966
14.25   -5.22029   -1.59201   28.24310
14.30   -3.68117   -1.81142   25.00677
14.35   -2.96307   -2.44472   22.17817
14.40   -2.86028   -3.33485   19.77828
14.45   -3.22549   -4.55212   17.84894
14.50   -4.02091   -6.26438   16.51199
14.55   -5.30188   -8.65426   16.04258
14.60   -7.16686  -11.76590   16.97927
14.65   -9.63313  -15.10610   20.15532
14.70  -12.34468  -17.01349   26.14464
14.75  -14.19253  -15.00395   33.44647
14.80  -13.68547   -8.97477   37.68992
14.85  -10.67443   -2.95492   36.50037
14.90   -6.83243    0.03084   32.41352
14.95   -3.76246    0.64653   28.18294
15.00   -1.90149    0.39320   24.55659
15.05   -0.97229    0.02275   21.46526
15.10   -0.59070   -0.28109   18.78679
15.15   -0.49526   -0.54521   16.45062
15.20   -0.55670   -0.84452   14.41318
15.25   -0.73448   -1.26370   12.64460
15.30   -1.04390   -1.90768   11.12984
15.35   -1.54449   -2.92918    9.88174
15.40   -2.34638   -4.56419    8.97683
15.45   -3.62952   -7.16241    8.64672
15.50   -5.66159  -11.13984    9.49499
15.55   -8.75216  -16.55883   12.90259
15.60  -12.91651  -21.62864   21.14423
15.65  -16.82994  -20.77213   34.41434
15.70  -17.08357  -10.20786   43.94908
15.75  -12.13804    1.30641   41.72629
15.80   -5.51648    5.80704   34.81729
15.85   -0.56717    6.18265   29.58377
15.90    2.27606    5.90716   26.19080
15.95    3.83953    6.08530   23.82337
16.00    4.89837    6.87463   22.18698
16.05    5.92393    8.21362   21.31931
16.10    7.14871    9.95605   21.42402
16.15    8.62175   11.77278   22.77088
16.20   10.18412   13.00514   25.46879
16.25   11.41498   12.77579   29.01143
16.30   11.73607   10.69714   32.01089
16.35   10.83345    7.61965   33.01463
16.40    9.03818    5.03724   31.84156
16.45    7.09267    3.71756   29.44422
16.50    5.58990    3.49554   26.75929
16.55    4.74480    3.95790   24.25868
16.60    4.52655    4.86336   22.14096
16.65    4.84591    6.16674   20.54767
16.70    5.64894    7.91050   19.67447
16.75    6.92064   10.08440   19.83308
16.80    8.61892   12.41870   21.44741
16.85   10.53466   14.12105   24.81700
16.90   12.11942   13.92453   29.43150
16.95   12.54468   11.14841   33.36798
17.00   11.32740    7.04715   34.50190
17.05    8.96137    3.83054   32.76677
17.10    6.50343    2.38437   29.70388
17.15    4.69110    2.22893   26.51695
17.20    3.69531    2.72271   23.63897
17.25    3.39082    3.56815   21.17403
17.30    3.62440    4.74869   19.18489
17.35    4.32421    6.38276   17.79573
17.40    5.50655    8.61126   17.26347
17.45    7.22938   11.44038   18.06158
17.50    9.47580   14.40382   20.87491
17.55   11.90865   16.09186   26.10874
17.60   13.58505   14.48873   32.48161
17.65   13.26649    9.42705   36.45289
17.70   10.75106    4.04772   35.82333
17.75    7.35834    1.08323   32.33386
17.80    4.51687    0.32167   28.38667
17.85    2.73882    0.54662   24.86250
17.90    1.86803    1.04775   21.82067
17.95    1.59760    1.63709   19.19330
18.00    1.71232    2.36829   16.94375
18.05    2.12712    3.38796   15.07765
18.10    2.86418    4.89931   13.66442
18.15    4.03152    7.16030   12.90406
18.20    5.80571   10.42503   13.26971
18.25    8.37094   14.63572   15.72252
18.30   11.67672   18.53670   21.65430
18.35   14.82980   18.69609   31.16256
18.40   15.67734   12.23724   39.36831
18.45   12.74585    3.24435   40.00245
18.50    7.75440   -1.86999   35.19434
18.55    3.38894   -3.07503   30.03419
18.60    0.63125   -2.93813   25.98274
18.65   -0.87234   -2.82386   22.76749
18.70   -1.73720   -3.11277   20.11574
18.75   -2.42251   -3.88382   17.94480
18.80   -3.22024   -5.20986   16.29417
18.85   -4.33805   -7.22714   15.33584
18.90   -5.95800  -10.07313   15.46632
18.95   -8.21990  -13.62174   17.43366
19.00  -11.04747  -16.85161   22.21983
19.05  -13.73388  -17.25966   29.80919
19.10  -14.69054  -12.64577   36.81873
19.15  -12.68462   -5.39645   38.40940
19.20   -8.70161   -0.44374   35.00800
19.25   -4.85548    1.17967   30.38595
19.30   -2.24842    1.19582   26.33663
19.35   -0.81749    0.88870   22.96045
19.40   -0.11837    0.69791   20.07584
19.45    0.22571    0.68911   17.57229
19.50    0.44228    0.84557   15.39113
19.55    0.65612    1.17142   13.49541
19.60    0.94684    1.71921   11.86344
19.65    1.39071    2.60331   10.49678
19.70    2.09124    4.02114    9.44670
19.75    3.20724    6.28032    8.88317
19.80    4.97791    9.78536    9.26245
19.85    7.70954   14.78313   11.67245
19.90   11.56756   20.28371   18.16200
19.95   15.78494   21.91576   30.17953
