time =   0.130000
 -0.98000000  0.00000000
 -0.94000000  0.00000000
 -0.90000000  0.00000000
 -0.86000000 -0.00000000
 -0.82000000 -0.00000000
 -0.78000000 -0.00000000
 -0.74000000 -0.00000000
 -0.70000000 -0.00000000
 -0.66000000 -0.00000000
 -0.62000000 -0.00000000
 -0.58000000 -0.00000000
 -0.54000000 -0.00000000
 -0.50000000 -0.00000000
 -0.46000000 -0.00000000
 -0.42000000 -0.00000000
 -0.38000000 -0.00000002
 -0.34000000 -0.00000062
 -0.30000000 -0.00001432
 -0.26000000 -0.00027852
 -0.22000000 -0.00499431
 -0.18000000 -0.08751819
 -0.14000000 -0.80024066
 -0.10000000 -2.07849368
 -0.06000000 -1.39800870
 -0.02000000  0.42464960
  0.02000000  0.57146962
  0.06000000  0.73975479
  0.10000000  0.75533024
  0.14000000  0.72434978
  0.18000000  0.70271211
  0.22000000  0.69562288
  0.26000000  0.69753973
  0.30000000  0.70595199
  0.34000000  0.71992036
  0.38000000  0.73834547
  0.42000000  0.75986399
  0.46000000  0.78317953
  0.50000000  0.80725259
  0.54000000  0.83132416
  0.58000000  0.85486404
  0.62000000  0.87750692
  0.66000000  0.89900207
  0.70000000  0.91916720
  0.74000000  0.93781091
  0.78000000  0.95461930
  0.82000000  0.96909822
  0.86000000  0.98070064
  0.90000000  0.98911788
  0.94000000  0.99456081
  0.98000000  0.99742462
