time =   0.060000
 -0.98000000  0.00000000
 -0.94000000  0.00000000
 -0.90000000  0.00000000
 -0.86000000  0.00000000
 -0.82000000  0.00000000
 -0.78000000  0.00000000
 -0.74000000  0.00000000
 -0.70000000  0.00000000
 -0.66000000  0.00000000
 -0.62000000  0.00000000
 -0.58000000 -0.00000000
 -0.54000000 -0.00000000
 -0.50000000 -0.00000000
 -0.46000000 -0.00000000
 -0.42000000 -0.00000000
 -0.38000000 -0.00000000
 -0.34000000 -0.00000000
 -0.30000000 -0.00000000
 -0.26000000 -0.00000019
 -0.22000000 -0.00001186
 -0.18000000 -0.00042638
 -0.14000000 -0.00960140
 -0.10000000 -0.12145785
 -0.06000000 -0.54377117
 -0.02000000 -0.71743635
  0.02000000  0.64831298
  0.06000000  0.60653787
  0.10000000  0.59461031
  0.14000000  0.59420366
  0.18000000  0.60015052
  0.22000000  0.61355107
  0.26000000  0.63483955
  0.30000000  0.66270488
  0.34000000  0.69507455
  0.38000000  0.72996755
  0.42000000  0.76581444
  0.46000000  0.80145583
  0.50000000  0.83603090
  0.54000000  0.86885265
  0.58000000  0.89929031
  0.62000000  0.92665838
  0.66000000  0.95015701
  0.70000000  0.96898360
  0.74000000  0.98267493
  0.78000000  0.99147411
  0.82000000  0.99636327
  0.86000000  0.99867430
  0.90000000  0.99959252
  0.94000000  0.99989597
  0.98000000  0.99997813
