time =   0.150000
 -0.98000000  0.00000000
 -0.94000000  0.00000000
 -0.90000000 -0.00000000
 -0.86000000 -0.00000000
 -0.82000000 -0.00000000
 -0.78000000 -0.00000000
 -0.74000000 -0.00000000
 -0.70000000 -0.00000000
 -0.66000000 -0.00000000
 -0.62000000 -0.00000000
 -0.58000000 -0.00000000
 -0.54000000 -0.00000000
 -0.50000000 -0.00000000
 -0.46000000 -0.00000000
 -0.42000000 -0.00000001
 -0.38000000 -0.00000015
 -0.34000000 -0.00000350
 -0.30000000 -0.00006889
 -0.26000000 -0.00132420
 -0.22000000 -0.03106900
 -0.18000000 -0.62111596
 -0.14000000 -3.01773726
 -0.10000000 -3.51908132
 -0.06000000  0.56260655
 -0.02000000  0.81636957
  0.02000000  0.59635460
  0.06000000  0.67536399
  0.10000000  0.76383869
  0.14000000  0.76803437
  0.18000000  0.74332277
  0.22000000  0.72668197
  0.26000000  0.72181659
  0.30000000  0.72492257
  0.34000000  0.73394010
  0.38000000  0.74775319
  0.42000000  0.76519224
  0.46000000  0.78502152
  0.50000000  0.80615028
  0.54000000  0.82773356
  0.58000000  0.84916486
  0.62000000  0.87002459
  0.66000000  0.89002775
  0.70000000  0.90898844
  0.74000000  0.92678601
  0.78000000  0.94329368
  0.82000000  0.95826557
  0.86000000  0.97127550
  0.90000000  0.98180036
  0.94000000  0.98965532
  0.98000000  0.99416179
