time =   0.181510
 -0.98000000 -0.00000000
 -0.94000000 -0.00000000
 -0.90000000 -0.00000000
 -0.86000000 -0.00000000
 -0.82000000 -0.00000000
 -0.78000000 -0.00000000
 -0.74000000 -0.00000000
 -0.70000000 -0.00000000
 -0.66000000 -0.00000000
 -0.62000000 -0.00000000
 -0.58000000 -0.00000000
 -0.54000000 -0.00000000
 -0.50000000 -0.00000000
 -0.46000000 -0.00000000
 -0.42000000 -0.00000004
 -0.38000000 -0.00000094
 -0.34000000 -0.00027284
 -0.30000000 -0.56006267
 -0.26000000 -9.83323031
 -0.22000000-17.29924803
 -0.18000000 -4.25726131
 -0.14000000  7.74546248
 -0.10000000  3.07978309
 -0.06000000  2.71965126
 -0.02000000  3.03362087
  0.02000000  1.76233026
  0.06000000  0.79092360
  0.10000000  0.71530288
  0.14000000  0.76924707
  0.18000000  0.78149654
  0.22000000  0.76592662
  0.26000000  0.75026884
  0.30000000  0.74352987
  0.34000000  0.74474499
  0.38000000  0.75193823
  0.42000000  0.76372486
  0.46000000  0.77891653
  0.50000000  0.79638889
  0.54000000  0.81516559
  0.58000000  0.83448116
  0.62000000  0.85377700
  0.66000000  0.87266045
  0.70000000  0.89086017
  0.74000000  0.90819873
  0.78000000  0.92457817
  0.82000000  0.93992517
  0.86000000  0.95416537
  0.90000000  0.96669295
  0.94000000  0.97853303
  0.98000000  0.98335776
