time =   0.050000
 -0.98000000  0.00000000
 -0.94000000  0.00000000
 -0.90000000  0.00000000
 -0.86000000  0.00000000
 -0.82000000  0.00000000
 -0.78000000  0.00000000
 -0.74000000  0.00000000
 -0.70000000  0.00000000
 -0.66000000  0.00000000
 -0.62000000  0.00000000
 -0.58000000  0.00000000
 -0.54000000 -0.00000000
 -0.50000000 -0.00000000
 -0.46000000 -0.00000000
 -0.42000000 -0.00000000
 -0.38000000 -0.00000000
 -0.34000000 -0.00000000
 -0.30000000 -0.00000000
 -0.26000000 -0.00000002
 -0.22000000 -0.00000266
 -0.18000000 -0.00014710
 -0.14000000 -0.00442913
 -0.10000000 -0.07227093
 -0.06000000 -0.42141770
 -0.02000000 -0.68357887
  0.02000000  0.61396301
  0.06000000  0.58417025
  0.10000000  0.57822252
  0.14000000  0.58005867
  0.18000000  0.58820698
  0.22000000  0.60449453
  0.26000000  0.62896597
  0.30000000  0.65991910
  0.34000000  0.69510426
  0.38000000  0.73250136
  0.42000000  0.77054505
  0.46000000  0.80807037
  0.50000000  0.84417853
  0.54000000  0.87810049
  0.58000000  0.90907384
  0.62000000  0.93625335
  0.66000000  0.95873993
  0.70000000  0.97583511
  0.74000000  0.98744918
  0.78000000  0.99432481
  0.82000000  0.99780187
  0.86000000  0.99928160
  0.90000000  0.99980500
  0.94000000  0.99995689
  0.98000000  0.99999239
