time =   0.120000
 -0.98000000  0.00000000
 -0.94000000  0.00000000
 -0.90000000  0.00000000
 -0.86000000  0.00000000
 -0.82000000 -0.00000000
 -0.78000000 -0.00000000
 -0.74000000 -0.00000000
 -0.70000000 -0.00000000
 -0.66000000 -0.00000000
 -0.62000000 -0.00000000
 -0.58000000 -0.00000000
 -0.54000000 -0.00000000
 -0.50000000 -0.00000000
 -0.46000000 -0.00000000
 -0.42000000 -0.00000000
 -0.38000000 -0.00000001
 -0.34000000 -0.00000023
 -0.30000000 -0.00000616
 -0.26000000 -0.00013043
 -0.22000000 -0.00235829
 -0.18000000 -0.03910652
 -0.14000000 -0.41953146
 -0.10000000 -1.46302682
 -0.06000000 -1.51346177
 -0.02000000  0.00714162
  0.02000000  0.64778754
  0.06000000  0.75347911
  0.10000000  0.73374250
  0.14000000  0.70057313
  0.18000000  0.68480020
  0.22000000  0.68180714
  0.26000000  0.68650892
  0.30000000  0.69749355
  0.34000000  0.71397949
  0.38000000  0.73471868
  0.42000000  0.75825605
  0.46000000  0.78329311
  0.50000000  0.80882815
  0.54000000  0.83414351
  0.58000000  0.85873958
  0.62000000  0.88226875
  0.66000000  0.90448228
  0.70000000  0.92516716
  0.74000000  0.94404441
  0.78000000  0.96066841
  0.82000000  0.97445765
  0.86000000  0.98493769
  0.90000000  0.99205506
  0.94000000  0.99630927
  0.98000000  0.99840854
