time =   0.172924
 -0.98000000 -0.00000000
 -0.94000000 -0.00000000
 -0.90000000 -0.00000000
 -0.86000000 -0.00000000
 -0.82000000 -0.00000000
 -0.78000000 -0.00000000
 -0.74000000 -0.00000000
 -0.70000000 -0.00000000
 -0.66000000 -0.00000000
 -0.62000000 -0.00000000
 -0.58000000 -0.00000000
 -0.54000000 -0.00000000
 -0.50000000 -0.00000000
 -0.46000000 -0.00000000
 -0.42000000 -0.00000003
 -0.38000000 -0.00000062
 -0.34000000 -0.00001309
 -0.30000000 -0.00062487
 -0.26000000 -0.22659702
 -0.22000000 -4.56324734
 -0.18000000 -9.80468087
 -0.14000000 -3.77785524
 -0.10000000  2.48300478
 -0.06000000  2.85623885
 -0.02000000  2.41263094
  0.02000000  0.98764571
  0.06000000  0.66464924
  0.10000000  0.72503198
  0.14000000  0.77683903
  0.18000000  0.77654993
  0.22000000  0.75724541
  0.26000000  0.74367507
  0.30000000  0.73976579
  0.34000000  0.74321754
  0.38000000  0.75219782
  0.42000000  0.76546304
  0.46000000  0.78184313
  0.50000000  0.80022253
  0.54000000  0.81965788
  0.58000000  0.83942895
  0.62000000  0.85901996
  0.66000000  0.87807241
  0.70000000  0.89634245
  0.74000000  0.91367673
  0.78000000  0.92998958
  0.82000000  0.94519439
  0.86000000  0.95912144
  0.90000000  0.97125387
  0.94000000  0.98188211
  0.98000000  0.98713833
