time =   0.020000
 -0.98000000  0.00000000
 -0.94000000  0.00000000
 -0.90000000  0.00000000
 -0.86000000  0.00000000
 -0.82000000  0.00000000
 -0.78000000  0.00000000
 -0.74000000  0.00000000
 -0.70000000  0.00000000
 -0.66000000  0.00000000
 -0.62000000  0.00000000
 -0.58000000  0.00000000
 -0.54000000  0.00000000
 -0.50000000  0.00000000
 -0.46000000  0.00000000
 -0.42000000 -0.00000000
 -0.38000000 -0.00000000
 -0.34000000 -0.00000000
 -0.30000000 -0.00000000
 -0.26000000 -0.00000000
 -0.22000000 -0.00000000
 -0.18000000 -0.00000024
 -0.14000000 -0.00007683
 -0.10000000 -0.00693468
 -0.06000000 -0.14888696
 -0.02000000 -0.56628211
  0.02000000  0.53424156
  0.06000000  0.53124997
  0.10000000  0.53301028
  0.14000000  0.54005062
  0.18000000  0.55603334
  0.22000000  0.58217220
  0.26000000  0.61700925
  0.30000000  0.65787689
  0.34000000  0.70213849
  0.38000000  0.74764046
  0.42000000  0.79268947
  0.46000000  0.83588064
  0.50000000  0.87592721
  0.54000000  0.91155449
  0.58000000  0.94152119
  0.62000000  0.96484354
  0.66000000  0.98120014
  0.70000000  0.99125464
  0.74000000  0.99653594
  0.78000000  0.99885575
  0.82000000  0.99969180
  0.86000000  0.99993417
  0.90000000  0.99998928
  0.94000000  0.99999875
  0.98000000  0.99999991
