time =   0.140000
 -0.98000000  0.00000000
 -0.94000000  0.00000000
 -0.90000000 -0.00000000
 -0.86000000 -0.00000000
 -0.82000000 -0.00000000
 -0.78000000 -0.00000000
 -0.74000000 -0.00000000
 -0.70000000 -0.00000000
 -0.66000000 -0.00000000
 -0.62000000 -0.00000000
 -0.58000000 -0.00000000
 -0.54000000 -0.00000000
 -0.50000000 -0.00000000
 -0.46000000 -0.00000000
 -0.42000000 -0.00000000
 -0.38000000 -0.00000006
 -0.34000000 -0.00000151
 -0.30000000 -0.00003174
 -0.26000000 -0.00059379
 -0.22000000 -0.01142473
 -0.18000000 -0.21853412
 -0.14000000 -1.54877550
 -0.10000000 -2.83011756
 -0.06000000 -0.82828706
 -0.02000000  0.76345866
  0.02000000  0.54228882
  0.06000000  0.70847610
  0.10000000  0.76630827
  0.14000000  0.74793163
  0.18000000  0.72235459
  0.22000000  0.71050082
  0.26000000  0.70927509
  0.30000000  0.71509564
  0.34000000  0.72658108
  0.38000000  0.74269705
  0.42000000  0.76218366
  0.46000000  0.78376569
  0.50000000  0.80637268
  0.54000000  0.82920225
  0.58000000  0.85168808
  0.62000000  0.87344025
  0.66000000  0.89419433
  0.70000000  0.91377407
  0.74000000  0.93203902
  0.78000000  0.94878601
  0.82000000  0.96364475
  0.86000000  0.97609540
  0.90000000  0.98567234
  0.94000000  0.99234038
  0.98000000  0.99603349
