time =   0.163555
 -0.98000000 -0.00000000
 -0.94000000 -0.00000000
 -0.90000000 -0.00000000
 -0.86000000 -0.00000000
 -0.82000000 -0.00000000
 -0.78000000 -0.00000000
 -0.74000000 -0.00000000
 -0.70000000 -0.00000000
 -0.66000000 -0.00000000
 -0.62000000 -0.00000000
 -0.58000000 -0.00000000
 -0.54000000 -0.00000000
 -0.50000000 -0.00000000
 -0.46000000 -0.00000000
 -0.42000000 -0.00000002
 -0.38000000 -0.00000043
 -0.34000000 -0.00000900
 -0.30000000 -0.00017914
 -0.26000000 -0.00494232
 -0.22000000 -0.31129281
 -0.18000000 -3.62629924
 -0.14000000 -6.71362310
 -0.10000000 -2.07987915
 -0.06000000  3.25884315
 -0.02000000  1.17533028
  0.02000000  0.67326716
  0.06000000  0.65678930
  0.10000000  0.74363884
  0.14000000  0.78102462
  0.18000000  0.76823495
  0.22000000  0.74785953
  0.26000000  0.73754184
  0.30000000  0.73661174
  0.34000000  0.74231687
  0.38000000  0.75314359
  0.42000000  0.76794484
  0.46000000  0.78554316
  0.50000000  0.80483489
  0.54000000  0.82491891
  0.58000000  0.84512653
  0.62000000  0.86498759
  0.66000000  0.88417940
  0.70000000  0.90248731
  0.74000000  0.91978111
  0.78000000  0.93597789
  0.82000000  0.95095330
  0.86000000  0.96444064
  0.90000000  0.97594005
  0.94000000  0.98532544
  0.98000000  0.99061937
