time =   0.179981
 -0.98000000 -0.00000000
 -0.94000000 -0.00000000
 -0.90000000 -0.00000000
 -0.86000000 -0.00000000
 -0.82000000 -0.00000000
 -0.78000000 -0.00000000
 -0.74000000 -0.00000000
 -0.70000000 -0.00000000
 -0.66000000 -0.00000000
 -0.62000000 -0.00000000
 -0.58000000 -0.00000000
 -0.54000000 -0.00000000
 -0.50000000 -0.00000000
 -0.46000000 -0.00000000
 -0.42000000 -0.00000004
 -0.38000000 -0.00000086
 -0.34000000 -0.00005526
 -0.30000000 -0.07511477
 -0.26000000 -4.99911917
 -0.22000000-15.74545964
 -0.18000000 -8.34613171
 -0.14000000  6.54045118
 -0.10000000  2.36062435
 -0.06000000  2.78925881
 -0.02000000  2.94556233
  0.02000000  1.60093815
  0.06000000  0.74857152
  0.10000000  0.71550421
  0.14000000  0.77097127
  0.18000000  0.78111020
  0.22000000  0.76472011
  0.26000000  0.74934658
  0.30000000  0.74310288
  0.34000000  0.74472057
  0.38000000  0.75222851
  0.42000000  0.76426893
  0.46000000  0.77965966
  0.50000000  0.79727888
  0.54000000  0.81615638
  0.58000000  0.83553511
  0.62000000  0.85486454
  0.66000000  0.87375856
  0.70000000  0.89195109
  0.74000000  0.90926939
  0.78000000  0.92561839
  0.82000000  0.94092450
  0.86000000  0.95509506
  0.90000000  0.96755426
  0.94000000  0.97914661
  0.98000000  0.98411474
