time =   0.160000
 -0.98000000  0.00000000
 -0.94000000 -0.00000000
 -0.90000000 -0.00000000
 -0.86000000 -0.00000000
 -0.82000000 -0.00000000
 -0.78000000 -0.00000000
 -0.74000000 -0.00000000
 -0.70000000 -0.00000000
 -0.66000000 -0.00000000
 -0.62000000 -0.00000000
 -0.58000000 -0.00000000
 -0.54000000 -0.00000000
 -0.50000000 -0.00000000
 -0.46000000 -0.00000000
 -0.42000000 -0.00000002
 -0.38000000 -0.00000037
 -0.34000000 -0.00000780
 -0.30000000 -0.00015187
 -0.26000000 -0.00338689
 -0.22000000 -0.11823221
 -0.18000000 -1.99610895
 -0.14000000 -5.85167908
 -0.10000000 -3.36396244
 -0.06000000  2.81274397
 -0.02000000  0.78522813
  0.02000000  0.66205654
  0.06000000  0.65984043
  0.10000000  0.75069689
  0.14000000  0.78108814
  0.18000000  0.76426786
  0.22000000  0.74425891
  0.26000000  0.73532027
  0.30000000  0.73546232
  0.34000000  0.74198295
  0.38000000  0.75349622
  0.42000000  0.76887162
  0.46000000  0.78692363
  0.50000000  0.80655452
  0.54000000  0.82688056
  0.58000000  0.84725271
  0.62000000  0.86721748
  0.66000000  0.88646512
  0.70000000  0.90479154
  0.74000000  0.92207370
  0.78000000  0.93822560
  0.82000000  0.95310222
  0.86000000  0.96640069
  0.90000000  0.97761813
  0.94000000  0.98655576
  0.98000000  0.99175789
