time =   0.030000
 -0.98000000  0.00000000
 -0.94000000  0.00000000
 -0.90000000  0.00000000
 -0.86000000  0.00000000
 -0.82000000  0.00000000
 -0.78000000  0.00000000
 -0.74000000  0.00000000
 -0.70000000  0.00000000
 -0.66000000  0.00000000
 -0.62000000  0.00000000
 -0.58000000  0.00000000
 -0.54000000  0.00000000
 -0.50000000  0.00000000
 -0.46000000 -0.00000000
 -0.42000000 -0.00000000
 -0.38000000 -0.00000000
 -0.34000000 -0.00000000
 -0.30000000 -0.00000000
 -0.26000000 -0.00000000
 -0.22000000 -0.00000001
 -0.18000000 -0.00000504
 -0.14000000 -0.00051626
 -0.10000000 -0.01901705
 -0.06000000 -0.22712591
 -0.02000000 -0.60449682
  0.02000000  0.55661625
  0.06000000  0.54728744
  0.10000000  0.54771159
  0.14000000  0.55296798
  0.18000000  0.56609216
  0.22000000  0.58875211
  0.26000000  0.61998709
  0.30000000  0.65741682
  0.34000000  0.69852080
  0.38000000  0.74120541
  0.42000000  0.78385655
  0.46000000  0.82519984
  0.50000000  0.86413244
  0.54000000  0.89958444
  0.58000000  0.93045043
  0.62000000  0.95567061
  0.66000000  0.97453419
  0.70000000  0.98709575
  0.74000000  0.99434967
  0.78000000  0.99790265
  0.82000000  0.99935233
  0.86000000  0.99983708
  0.90000000  0.99996751
  0.94000000  0.99999506
  0.98000000  0.99999946
