time =   0.000000
 -0.99921569  0.00000000
 -0.95843137  0.00000000
 -0.91764706  0.00000000
 -0.87686275  0.00000000
 -0.83607843  0.00000000
 -0.79529412  0.00000000
 -0.75450980  0.00000000
 -0.71372549  0.00000000
 -0.67294118  0.00000000
 -0.63215686  0.00000000
 -0.59137255  0.00000000
 -0.55058824  0.00000000
 -0.50980392  0.00000000
 -0.46901961  0.00000000
 -0.42823529  0.00000000
 -0.38745098  0.00000000
 -0.34666667  0.00000000
 -0.30588235  0.00000000
 -0.26509804  0.00000000
 -0.22431373  0.00000000
 -0.18352941  0.00000000
 -0.14274510  0.00000000
 -0.10196078  0.00000000
 -0.06117647  0.00000000
 -0.02039216  0.00000000
  0.02039216  1.00000000
  0.06117647  1.00000000
  0.10196078  1.00000000
  0.14274510  1.00000000
  0.18352941  1.00000000
  0.22431373  1.00000000
  0.26509804  1.00000000
  0.30588235  1.00000000
  0.34666667  1.00000000
  0.38745098  1.00000000
  0.42823529  1.00000000
  0.46901961  1.00000000
  0.50980392  1.00000000
  0.55058824  1.00000000
  0.59137255  1.00000000
  0.63215686  1.00000000
  0.67294118  1.00000000
  0.71372549  1.00000000
  0.75450980  1.00000000
  0.79529412  1.00000000
  0.83607843  1.00000000
  0.87686275  1.00000000
  0.91764706  1.00000000
  0.95843137  1.00000000
  0.99921569  1.00000000
