time =   0.169673
 -0.98000000 -0.00000000
 -0.94000000 -0.00000000
 -0.90000000 -0.00000000
 -0.86000000 -0.00000000
 -0.82000000 -0.00000000
 -0.78000000 -0.00000000
 -0.74000000 -0.00000000
 -0.70000000 -0.00000000
 -0.66000000 -0.00000000
 -0.62000000 -0.00000000
 -0.58000000 -0.00000000
 -0.54000000 -0.00000000
 -0.50000000 -0.00000000
 -0.46000000 -0.00000000
 -0.42000000 -0.00000002
 -0.38000000 -0.00000055
 -0.34000000 -0.00001128
 -0.30000000 -0.00027434
 -0.26000000 -0.04214476
 -0.22000000 -2.05069501
 -0.18000000 -7.69522243
 -0.14000000 -6.04717043
 -0.10000000  1.13680146
 -0.06000000  3.07616674
 -0.02000000  2.04215950
  0.02000000  0.81251300
  0.06000000  0.65604775
  0.10000000  0.73126735
  0.14000000  0.77881689
  0.18000000  0.77392432
  0.22000000  0.75389617
  0.26000000  0.74137127
  0.30000000  0.73851901
  0.34000000  0.74277513
  0.38000000  0.75240882
  0.42000000  0.76621810
  0.46000000  0.78303281
  0.50000000  0.80174080
  0.54000000  0.82141250
  0.58000000  0.84134530
  0.62000000  0.86103932
  0.66000000  0.88014862
  0.70000000  0.89843955
  0.74000000  0.91576724
  0.78000000  0.93204842
  0.82000000  0.94718599
  0.86000000  0.96097602
  0.90000000  0.97291308
  0.94000000  0.98310462
  0.98000000  0.98841687
