time =   0.182801
 -0.98000000 -0.00000000
 -0.94000000 -0.00000000
 -0.90000000 -0.00000000
 -0.86000000 -0.00000000
 -0.82000000 -0.00000000
 -0.78000000 -0.00000000
 -0.74000000 -0.00000000
 -0.70000000 -0.00000000
 -0.66000000 -0.00000000
 -0.62000000 -0.00000000
 -0.58000000 -0.00000000
 -0.54000000 -0.00000000
 -0.50000000 -0.00000000
 -0.46000000 -0.00000000
 -0.42000000 -0.00000004
 -0.38000000 -0.00000123
 -0.34000000 -0.00591848
 -0.30000000 -2.13142928
 -0.26000000-14.87699866
 -0.22000000-16.55852616
 -0.18000000 -0.11369867
 -0.14000000  7.78197665
 -0.10000000  3.97416779
 -0.06000000  2.72183628
 -0.02000000  3.09323276
  0.02000000  1.90469505
  0.06000000  0.83546666
  0.10000000  0.71623569
  0.14000000  0.76776235
  0.18000000  0.78172069
  0.22000000  0.76689415
  0.26000000  0.75102734
  0.30000000  0.74387356
  0.34000000  0.74474571
  0.38000000  0.75167156
  0.42000000  0.76324355
  0.46000000  0.77826731
  0.50000000  0.79561617
  0.54000000  0.81430858
  0.58000000  0.83357200
  0.62000000  0.85284093
  0.66000000  0.87171711
  0.70000000  0.88992470
  0.74000000  0.90728227
  0.78000000  0.92368926
  0.82000000  0.93907194
  0.86000000  0.95337224
  0.90000000  0.96595372
  0.94000000  0.97801149
  0.98000000  0.98269683
