time =   0.166624
 -0.98000000 -0.00000000
 -0.94000000 -0.00000000
 -0.90000000 -0.00000000
 -0.86000000 -0.00000000
 -0.82000000 -0.00000000
 -0.78000000 -0.00000000
 -0.74000000 -0.00000000
 -0.70000000 -0.00000000
 -0.66000000 -0.00000000
 -0.62000000 -0.00000000
 -0.58000000 -0.00000000
 -0.54000000 -0.00000000
 -0.50000000 -0.00000000
 -0.46000000 -0.00000000
 -0.42000000 -0.00000002
 -0.38000000 -0.00000049
 -0.34000000 -0.00001006
 -0.30000000 -0.00020916
 -0.26000000 -0.01049152
 -0.22000000 -0.83817195
 -0.18000000 -5.54516326
 -0.14000000 -6.84051899
 -0.10000000 -0.52485290
 -0.06000000  3.27916090
 -0.02000000  1.61550170
  0.02000000  0.71636723
  0.06000000  0.65493140
  0.10000000  0.73741338
  0.14000000  0.78019404
  0.18000000  0.77122442
  0.22000000  0.75086308
  0.26000000  0.73940621
  0.30000000  0.73752414
  0.34000000  0.74251197
  0.38000000  0.75274494
  0.42000000  0.76705245
  0.46000000  0.78426175
  0.50000000  0.80326458
  0.54000000  0.82314520
  0.58000000  0.84321784
  0.62000000  0.86299751
  0.66000000  0.88214995
  0.70000000  0.90045104
  0.74000000  0.91776349
  0.78000000  0.93400499
  0.82000000  0.94906608
  0.86000000  0.96271133
  0.90000000  0.97444024
  0.94000000  0.98422607
  0.98000000  0.98955021
