time =   0.090000
 -0.98000000  0.00000000
 -0.94000000  0.00000000
 -0.90000000  0.00000000
 -0.86000000  0.00000000
 -0.82000000  0.00000000
 -0.78000000  0.00000000
 -0.74000000  0.00000000
 -0.70000000 -0.00000000
 -0.66000000 -0.00000000
 -0.62000000 -0.00000000
 -0.58000000 -0.00000000
 -0.54000000 -0.00000000
 -0.50000000 -0.00000000
 -0.46000000 -0.00000000
 -0.42000000 -0.00000000
 -0.38000000 -0.00000000
 -0.34000000 -0.00000001
 -0.30000000 -0.00000028
 -0.26000000 -0.00000981
 -0.22000000 -0.00024632
 -0.18000000 -0.00468295
 -0.14000000 -0.06622537
 -0.10000000 -0.45628770
 -0.06000000 -1.04059963
 -0.02000000 -0.68396646
  0.02000000  0.74069070
  0.06000000  0.69288353
  0.10000000  0.65460423
  0.14000000  0.64061932
  0.18000000  0.63913973
  0.22000000  0.64485494
  0.26000000  0.65740488
  0.30000000  0.67647472
  0.34000000  0.70073605
  0.38000000  0.72845056
  0.42000000  0.75803366
  0.46000000  0.78825634
  0.50000000  0.81823089
  0.54000000  0.84732545
  0.58000000  0.87507479
  0.62000000  0.90109834
  0.66000000  0.92500490
  0.70000000  0.94628408
  0.74000000  0.96427489
  0.78000000  0.97834502
  0.82000000  0.98824820
  0.86000000  0.99437744
  0.90000000  0.99765768
  0.94000000  0.99915976
  0.98000000  0.99973520
