time =   0.100000
 -0.98000000  0.00000000
 -0.94000000  0.00000000
 -0.90000000  0.00000000
 -0.86000000  0.00000000
 -0.82000000  0.00000000
 -0.78000000  0.00000000
 -0.74000000 -0.00000000
 -0.70000000 -0.00000000
 -0.66000000 -0.00000000
 -0.62000000 -0.00000000
 -0.58000000 -0.00000000
 -0.54000000 -0.00000000
 -0.50000000 -0.00000000
 -0.46000000 -0.00000000
 -0.42000000 -0.00000000
 -0.38000000 -0.00000000
 -0.34000000 -0.00000002
 -0.30000000 -0.00000089
 -0.26000000 -0.00002521
 -0.22000000 -0.00054175
 -0.18000000 -0.00937299
 -0.14000000 -0.12131227
 -0.10000000 -0.68188360
 -0.06000000 -1.23814254
 -0.02000000 -0.56169347
  0.02000000  0.74312153
  0.06000000  0.72308877
  0.10000000  0.67979688
  0.14000000  0.65854897
  0.18000000  0.65334969
  0.22000000  0.65653404
  0.26000000  0.66642925
  0.30000000  0.68272356
  0.34000000  0.70435869
  0.38000000  0.72973908
  0.42000000  0.75729934
  0.46000000  0.78577986
  0.50000000  0.81425871
  0.54000000  0.84208467
  0.58000000  0.86879425
  0.62000000  0.89403884
  0.66000000  0.91750762
  0.70000000  0.93882269
  0.74000000  0.95744586
  0.78000000  0.97272873
  0.82000000  0.98418647
  0.86000000  0.99183659
  0.90000000  0.99629750
  0.94000000  0.99854203
  0.98000000  0.99948643
