time =   0.040000
 -0.98000000  0.00000000
 -0.94000000  0.00000000
 -0.90000000  0.00000000
 -0.86000000  0.00000000
 -0.82000000  0.00000000
 -0.78000000  0.00000000
 -0.74000000  0.00000000
 -0.70000000  0.00000000
 -0.66000000  0.00000000
 -0.62000000  0.00000000
 -0.58000000  0.00000000
 -0.54000000  0.00000000
 -0.50000000 -0.00000000
 -0.46000000 -0.00000000
 -0.42000000 -0.00000000
 -0.38000000 -0.00000000
 -0.34000000 -0.00000000
 -0.30000000 -0.00000000
 -0.26000000 -0.00000000
 -0.22000000 -0.00000033
 -0.18000000 -0.00003734
 -0.14000000 -0.00175007
 -0.10000000 -0.03970584
 -0.06000000 -0.31696448
 -0.02000000 -0.64444065
  0.02000000  0.58316915
  0.06000000  0.56467203
  0.10000000  0.56271256
  0.14000000  0.56631724
  0.18000000  0.57683554
  0.22000000  0.59621099
  0.26000000  0.62399598
  0.30000000  0.65813034
  0.34000000  0.69621846
  0.38000000  0.73620649
  0.42000000  0.77651808
  0.46000000  0.81595399
  0.50000000  0.85353836
  0.54000000  0.88837474
  0.58000000  0.91953409
  0.62000000  0.94602697
  0.66000000  0.96696324
  0.70000000  0.98192836
  0.74000000  0.99134309
  0.78000000  0.99643494
  0.82000000  0.99875906
  0.86000000  0.99964110
  0.90000000  0.99991547
  0.94000000  0.99998422
  0.98000000  0.99999775
