time =   0.110000
 -0.98000000  0.00000000
 -0.94000000  0.00000000
 -0.90000000  0.00000000
 -0.86000000  0.00000000
 -0.82000000  0.00000000
 -0.78000000 -0.00000000
 -0.74000000 -0.00000000
 -0.70000000 -0.00000000
 -0.66000000 -0.00000000
 -0.62000000 -0.00000000
 -0.58000000 -0.00000000
 -0.54000000 -0.00000000
 -0.50000000 -0.00000000
 -0.46000000 -0.00000000
 -0.42000000 -0.00000000
 -0.38000000 -0.00000000
 -0.34000000 -0.00000008
 -0.30000000 -0.00000247
 -0.26000000 -0.00005911
 -0.22000000 -0.00113858
 -0.18000000 -0.01880552
 -0.14000000 -0.22387376
 -0.10000000 -1.00625340
 -0.06000000 -1.41712946
 -0.02000000 -0.33627759
  0.02000000  0.71308487
  0.06000000  0.74599648
  0.10000000  0.70701563
  0.14000000  0.67846247
  0.18000000  0.66846149
  0.22000000  0.66882760
  0.26000000  0.67613898
  0.30000000  0.68974089
  0.34000000  0.70878325
  0.38000000  0.73184033
  0.42000000  0.75738888
  0.46000000  0.78414430
  0.50000000  0.81114540
  0.54000000  0.83771129
  0.58000000  0.86336555
  0.62000000  0.88776800
  0.66000000  0.91065278
  0.70000000  0.93174303
  0.74000000  0.95063870
  0.78000000  0.96676910
  0.82000000  0.97954363
  0.86000000  0.98867843
  0.90000000  0.99444573
  0.94000000  0.99761665
  0.98000000  0.99906845
