time =   0.080000
 -0.98000000  0.00000000
 -0.94000000  0.00000000
 -0.90000000  0.00000000
 -0.86000000  0.00000000
 -0.82000000  0.00000000
 -0.78000000  0.00000000
 -0.74000000  0.00000000
 -0.70000000  0.00000000
 -0.66000000 -0.00000000
 -0.62000000 -0.00000000
 -0.58000000 -0.00000000
 -0.54000000 -0.00000000
 -0.50000000 -0.00000000
 -0.46000000 -0.00000000
 -0.42000000 -0.00000000
 -0.38000000 -0.00000000
 -0.34000000 -0.00000000
 -0.30000000 -0.00000007
 -0.26000000 -0.00000334
 -0.22000000 -0.00010354
 -0.18000000 -0.00227400
 -0.14000000 -0.03594832
 -0.10000000 -0.30084648
 -0.06000000 -0.85338551
 -0.02000000 -0.73372203
  0.02000000  0.71744798
  0.06000000  0.66151993
  0.10000000  0.63220406
  0.14000000  0.62420534
  0.18000000  0.62560453
  0.22000000  0.63377832
  0.26000000  0.64910346
  0.30000000  0.67102938
  0.34000000  0.69795071
  0.38000000  0.72801954
  0.42000000  0.75964901
  0.46000000  0.79164086
  0.50000000  0.82313246
  0.54000000  0.85349680
  0.58000000  0.88224565
  0.62000000  0.90893448
  0.66000000  0.93305439
  0.70000000  0.95395186
  0.74000000  0.97090488
  0.78000000  0.98343020
  0.82000000  0.99164069
  0.86000000  0.99631837
  0.90000000  0.99860142
  0.94000000  0.99954688
  0.98000000  0.99987344
