time =   0.070000
 -0.98000000  0.00000000
 -0.94000000  0.00000000
 -0.90000000  0.00000000
 -0.86000000  0.00000000
 -0.82000000  0.00000000
 -0.78000000  0.00000000
 -0.74000000  0.00000000
 -0.70000000  0.00000000
 -0.66000000  0.00000000
 -0.62000000 -0.00000000
 -0.58000000 -0.00000000
 -0.54000000 -0.00000000
 -0.50000000 -0.00000000
 -0.46000000 -0.00000000
 -0.42000000 -0.00000000
 -0.38000000 -0.00000000
 -0.34000000 -0.00000000
 -0.30000000 -0.00000001
 -0.26000000 -0.00000093
 -0.22000000 -0.00003853
 -0.18000000 -0.00103801
 -0.14000000 -0.01904801
 -0.10000000 -0.19423115
 -0.06000000 -0.68714519
 -0.02000000 -0.73835354
  0.02000000  0.68420591
  0.06000000  0.63232788
  0.10000000  0.61239715
  0.14000000  0.60884851
  0.18000000  0.61262139
  0.22000000  0.62332914
  0.26000000  0.64156715
  0.30000000  0.66642523
  0.34000000  0.69604570
  0.38000000  0.72850202
  0.42000000  0.76221490
  0.46000000  0.79601133
  0.50000000  0.82903976
  0.54000000  0.86065748
  0.58000000  0.89032378
  0.62000000  0.91749201
  0.66000000  0.94150800
  0.70000000  0.96160307
  0.74000000  0.97710742
  0.78000000  0.98783610
  0.82000000  0.99433557
  0.86000000  0.99772059
  0.90000000  0.99921707
  0.94000000  0.99977331
  0.98000000  0.99994459
