time =   0.176425
 -0.98000000 -0.00000000
 -0.94000000 -0.00000000
 -0.90000000 -0.00000000
 -0.86000000 -0.00000000
 -0.82000000 -0.00000000
 -0.78000000 -0.00000000
 -0.74000000 -0.00000000
 -0.70000000 -0.00000000
 -0.66000000 -0.00000000
 -0.62000000 -0.00000000
 -0.58000000 -0.00000000
 -0.54000000 -0.00000000
 -0.50000000 -0.00000000
 -0.46000000 -0.00000000
 -0.42000000 -0.00000003
 -0.38000000 -0.00000072
 -0.34000000 -0.00001790
 -0.30000000 -0.00460797
 -0.26000000 -1.17364771
 -0.22000000 -9.16187495
 -0.18000000-10.86034571
 -0.14000000  0.69623899
 -0.10000000  2.78733731
 -0.06000000  2.81203303
 -0.02000000  2.70785082
  0.02000000  1.25779236
  0.06000000  0.69059182
  0.10000000  0.71923583
  0.14000000  0.77418335
  0.18000000  0.77905030
  0.22000000  0.76096378
  0.26000000  0.74640672
  0.30000000  0.74134129
  0.34000000  0.74389747
  0.38000000  0.75215579
  0.42000000  0.76481943
  0.46000000  0.78071474
  0.50000000  0.79872306
  0.54000000  0.81788725
  0.58000000  0.83746862
  0.62000000  0.85693418
  0.66000000  0.87591186
  0.70000000  0.89414683
  0.74000000  0.91147625
  0.78000000  0.92781045
  0.82000000  0.94307105
  0.86000000  0.95712594
  0.90000000  0.96943634
  0.94000000  0.98053823
  0.98000000  0.98568339
