time =   0.100000
 -0.99921569  0.00497637
 -0.95843137  0.12750860
 -0.91764706  0.24808309
 -0.87686275  0.36496999
 -0.83607843  0.47647515
 -0.79529412  0.58095332
 -0.75450980  0.67682323
 -0.71372549  0.76258494
 -0.67294118  0.83683966
 -0.63215686  0.89831232
 -0.59137255  0.94587615
 -0.55058824  0.97857898
 -0.50980392  0.99567009
 -0.46901961  0.99662651
 -0.42823529  0.98117750
 -0.38745098  0.94932559
 -0.34666667  0.90136297
 -0.30588235  0.83788165
 -0.26509804  0.75977654
 -0.22431373  0.66824019
 -0.18352941  0.56474907
 -0.14274510  0.45104091
 -0.10196078  0.32908353
 -0.06117647  0.20103580
 -0.02039216  0.06920187
  0.02039216 -0.06402004
  0.06117647 -0.19619239
  0.10196078 -0.32489484
  0.14274510 -0.44778051
  0.18352941 -0.56262989
  0.22431373 -0.66740062
  0.26509804 -0.76027142
  0.30588235 -0.83967867
  0.34666667 -0.90434475
  0.38745098 -0.95329741
  0.42823529 -0.98587995
  0.46901961 -1.00175250
  0.50980392 -1.00088484
  0.55058824 -0.98354193
  0.59137255 -0.95026317
  0.63215686 -0.90183691
  0.67294118 -0.83927163
  0.71372549 -0.76376546
  0.75450980 -0.67667521
  0.79529412 -0.57948641
  0.83607843 -0.47378517
  0.87686275 -0.36123262
  0.91764706 -0.24354239
  0.95843137 -0.12246113
  0.99921569  0.00024823
