time =   1.400000
 -0.99921569  0.00409491
 -0.95843137  0.06703964
 -0.91764706  0.12132839
 -0.87686275  0.17368154
 -0.83607843  0.22544522
 -0.79529412  0.27682639
 -0.75450980  0.32781373
 -0.71372549  0.37835239
 -0.67294118  0.42837329
 -0.63215686  0.47779732
 -0.59137255  0.52653467
 -0.55058824  0.57448270
 -0.50980392  0.62152278
 -0.46901961  0.66751612
 -0.42823529  0.71229808
 -0.38745098  0.75567044
 -0.34666667  0.79739060
 -0.30588235  0.83715614
 -0.26509804  0.87458226
 -0.22431373  0.90916813
 -0.18352941  0.94024911
 -0.14274510  0.96683442
 -0.10196078  0.98295782
 -0.06117647  0.96869935
 -0.02039216  1.50669845
  0.02039216 -1.16779087
  0.06117647 -1.79019884
  0.10196078 -0.75149145
  0.14274510 -0.90816037
  0.18352941 -1.01040458
  0.22431373 -0.96075178
  0.26509804 -0.89267424
  0.30588235 -0.84574051
  0.34666667 -0.80220861
  0.38745098 -0.75499262
  0.42823529 -0.70646926
  0.46901961 -0.65730881
  0.50980392 -0.60750651
  0.55058824 -0.55713021
  0.59137255 -0.50626633
  0.63215686 -0.45499067
  0.67294118 -0.40337072
  0.71372549 -0.35146802
  0.75450980 -0.29933943
  0.79529412 -0.24703817
  0.83607843 -0.19461465
  0.87686275 -0.14211713
  0.91764706 -0.08959027
  0.95843137 -0.03703601
  0.99921569  0.01680774
