time =   1.200000
 -0.99921569  0.00413380
 -0.95843137  0.06972348
 -0.91764706  0.12576019
 -0.87686275  0.17988107
 -0.83607843  0.23341533
 -0.79529412  0.28653033
 -0.75450980  0.33919583
 -0.71372549  0.39134364
 -0.67294118  0.44289125
 -0.63215686  0.49374454
 -0.59137255  0.54379630
 -0.55058824  0.59292331
 -0.50980392  0.64098222
 -0.46901961  0.68780399
 -0.42823529  0.73318629
 -0.38745098  0.77688303
 -0.34666667  0.81858938
 -0.30588235  0.85792009
 -0.26509804  0.89437655
 -0.22431373  0.92729464
 -0.18352941  0.95574981
 -0.14274510  0.97828070
 -0.10196078  0.99171827
 -0.06117647  1.00835842
 -0.02039216  1.23094224
  0.02039216 -0.53111486
  0.06117647 -1.99102218
  0.10196078 -0.97710053
  0.14274510 -0.90261561
  0.18352941 -0.99536484
  0.22431373 -0.98500304
  0.26509804 -0.92431987
  0.30588235 -0.87251380
  0.34666667 -0.82704106
  0.38745098 -0.77926914
  0.42823529 -0.72978678
  0.46901961 -0.67939163
  0.50980392 -0.62822278
  0.55058824 -0.57637156
  0.59137255 -0.52393848
  0.63215686 -0.47101453
  0.67294118 -0.41768070
  0.71372549 -0.36401033
  0.75450980 -0.31007080
  0.79529412 -0.25592482
  0.83607843 -0.20163157
  0.87686275 -0.14724762
  0.91764706 -0.09282630
  0.95843137 -0.03838620
  0.99921569  0.01726725
