time =   1.100000
 -0.99921569  0.00493703
 -0.95843137  0.10559538
 -0.91764706  0.19201937
 -0.87686275  0.27698497
 -0.83607843  0.36021277
 -0.79529412  0.44124143
 -0.75450980  0.51955860
 -0.71372549  0.59459946
 -0.67294118  0.66573379
 -0.63215686  0.73224934
 -0.59137255  0.79333169
 -0.55058824  0.84803983
 -0.50980392  0.89527667
 -0.46901961  0.93375375
 -0.42823529  0.96195004
 -0.38745098  0.97806616
 -0.34666667  0.97997813
 -0.30588235  0.96520108
 -0.26509804  0.93088395
 -0.22431373  0.87387460
 -0.18352941  0.79092121
 -0.14274510  0.67910497
 -0.10196078  0.53660751
 -0.06117647  0.36385387
 -0.02039216  0.16486591
  0.02039216 -0.05170047
  0.06117647 -0.27268688
  0.10196078 -0.48242380
  0.14274510 -0.66629861
  0.18352941 -0.81433656
  0.22431373 -0.92291364
  0.26509804 -0.99394802
  0.30588235 -1.03256497
  0.34666667 -1.04477983
  0.38745098 -1.03608042
  0.42823529 -1.01091739
  0.46901961 -0.97272094
  0.50980392 -0.92410290
  0.55058824 -0.86706948
  0.59137255 -0.80318963
  0.63215686 -0.73371619
  0.67294118 -0.65967094
  0.71372549 -0.58190473
  0.75450980 -0.50114071
  0.79529412 -0.41800607
  0.83607843 -0.33305601
  0.87686275 -0.24679229
  0.91764706 -0.15967797
  0.95843137 -0.07214956
  0.99921569  0.01537258
