time =   1.100000
 -0.99921569  0.00415969
 -0.95843137  0.07114463
 -0.91764706  0.12809558
 -0.87686275  0.18314882
 -0.83607843  0.23761490
 -0.79529412  0.29163936
 -0.75450980  0.34518199
 -0.71372549  0.39816710
 -0.67294118  0.45050446
 -0.63215686  0.50209116
 -0.59137255  0.55280978
 -0.55058824  0.60252497
 -0.50980392  0.65107869
 -0.46901961  0.69828386
 -0.42823529  0.74391548
 -0.38745098  0.78769842
 -0.34666667  0.82928979
 -0.30588235  0.86825297
 -0.26509804  0.90401810
 -0.22431373  0.93581893
 -0.18352941  0.96258429
 -0.14274510  0.98272483
 -0.10196078  0.99414801
 -0.06117647  1.01029442
 -0.02039216  1.11461192
  0.02039216 -0.31648009
  0.06117647 -1.94972088
  0.10196078 -1.10328230
  0.14274510 -0.92334288
  0.18352941 -0.98993761
  0.22431373 -0.99349733
  0.26509804 -0.93952301
  0.30588235 -0.88656251
  0.34666667 -0.84000134
  0.38745098 -0.79186512
  0.42823529 -0.74192792
  0.46901961 -0.69092982
  0.50980392 -0.63907279
  0.55058824 -0.58646802
  0.59137255 -0.53322587
  0.63215686 -0.47944634
  0.67294118 -0.42521842
  0.71372549 -0.37062241
  0.75450980 -0.31573186
  0.79529412 -0.26061506
  0.83607843 -0.20533631
  0.87686275 -0.14995696
  0.91764706 -0.09453524
  0.95843137 -0.03909870
  0.99921569  0.01750197
