time =   0.100000
 -0.99921569  0.00478697
 -0.95843137  0.08918674
 -0.91764706  0.15715745
 -0.87686275  0.22388658
 -0.83607843  0.28980805
 -0.79529412  0.35481203
 -0.75450980  0.41871992
 -0.71372549  0.48132228
 -0.67294118  0.54238004
 -0.63215686  0.60161808
 -0.59137255  0.65871541
 -0.55058824  0.71329160
 -0.50980392  0.76488826
 -0.46901961  0.81294311
 -0.42823529  0.85675297
 -0.38745098  0.89541919
 -0.34666667  0.92776500
 -0.30588235  0.95220520
 -0.26509804  0.96653278
 -0.22431373  0.96755258
 -0.18352941  0.95042037
 -0.14274510  0.90739273
 -0.10196078  0.82540010
 -0.06117647  0.68157830
 -0.02039216  0.43757295
  0.02039216  0.04604109
  0.06117647 -0.48555466
  0.10196078 -0.97635305
  0.14274510 -1.17667965
  0.18352941 -1.13893792
  0.22431373 -1.08447118
  0.26509804 -1.05635142
  0.30588235 -1.02351118
  0.34666667 -0.98111141
  0.38745098 -0.93307500
  0.42823529 -0.88114763
  0.46901961 -0.82602058
  0.50980392 -0.76823091
  0.55058824 -0.70823613
  0.59137255 -0.64641296
  0.63215686 -0.58307456
  0.67294118 -0.51848676
  0.71372549 -0.45287973
  0.75450980 -0.38645659
  0.79529412 -0.31939988
  0.83607843 -0.25187674
  0.87686275 -0.18404309
  0.91764706 -0.11604706
  0.95843137 -0.04803209
  0.99921569  0.02004318
