time =   1.900000
 -0.99921569  0.00490600
 -0.95843137  0.09287085
 -0.91764706  0.16374924
 -0.87686275  0.23349361
 -0.83607843  0.30230939
 -0.79529412  0.37003685
 -0.75450980  0.43645322
 -0.71372549  0.50130194
 -0.67294118  0.56429084
 -0.63215686  0.62508361
 -0.59137255  0.68328744
 -0.55058824  0.73843640
 -0.50980392  0.78996877
 -0.46901961  0.83719581
 -0.42823529  0.87925752
 -0.38745098  0.91505878
 -0.34666667  0.94317475
 -0.30588235  0.96170717
 -0.26509804  0.96806050
 -0.22431373  0.95858479
 -0.18352941  0.92799643
 -0.14274510  0.86844104
 -0.10196078  0.76805610
 -0.06117647  0.60920233
 -0.02039216  0.36823769
  0.02039216  0.02446413
  0.06117647 -0.40549484
  0.10196078 -0.81615698
  0.14274510 -1.05720113
  0.18352941 -1.11281188
  0.22431373 -1.09692710
  0.26509804 -1.07349731
  0.30588235 -1.04449512
  0.34666667 -1.00679177
  0.38745098 -0.96187660
  0.42823529 -0.91153784
  0.46901961 -0.85692177
  0.50980392 -0.79882976
  0.55058824 -0.73788441
  0.59137255 -0.67458687
  0.63215686 -0.60934891
  0.67294118 -0.54251600
  0.71372549 -0.47438399
  0.75450980 -0.40521141
  0.79529412 -0.33522862
  0.83607843 -0.26464491
  0.87686275 -0.19365421
  0.91764706 -0.12243972
  0.95843137 -0.05117798
  0.99921569  0.01995756
