time =   1.500000
 -0.99921569  0.00408119
 -0.95843137  0.06577139
 -0.91764706  0.11922402
 -0.87686275  0.17073834
 -0.83607843  0.22166041
 -0.79529412  0.27221493
 -0.75450980  0.32239955
 -0.71372549  0.37216541
 -0.67294118  0.42144926
 -0.63215686  0.47017845
 -0.59137255  0.51827057
 -0.55058824  0.56563170
 -0.50980392  0.61215363
 -0.46901961  0.65771023
 -0.42823529  0.70215254
 -0.38745098  0.74530205
 -0.34666667  0.78694154
 -0.30588235  0.82680199
 -0.26509804  0.86454378
 -0.22431373  0.89973005
 -0.18352941  0.93180799
 -0.14274510  0.96025320
 -0.10196078  0.97903304
 -0.06117647  0.93110391
 -0.02039216  1.67126974
  0.02039216 -1.55938773
  0.06117647 -1.57885111
  0.10196078 -0.66675097
  0.14274510 -0.93246904
  0.18352941 -1.01540713
  0.22431373 -0.94462919
  0.26509804 -0.87689289
  0.30588235 -0.83318403
  0.34666667 -0.79030512
  0.38745098 -0.74329096
  0.42823529 -0.69527989
  0.46901961 -0.64674558
  0.50980392 -0.59761708
  0.55058824 -0.54795994
  0.59137255 -0.49785546
  0.63215686 -0.44737287
  0.67294118 -0.39657395
  0.71372549 -0.34551524
  0.75450980 -0.29424913
  0.79529412 -0.24282476
  0.83607843 -0.19128877
  0.87686275 -0.13968585
  0.91764706 -0.08805677
  0.95843137 -0.03639573
  0.99921569  0.01658284
