time =   0.600000
 -0.99921569  0.00495662
 -0.95843137  0.11551035
 -0.91764706  0.21605004
 -0.87686275  0.31446997
 -0.83607843  0.40999034
 -0.79529412  0.50175938
 -0.75450980  0.58888160
 -0.71372549  0.67040789
 -0.67294118  0.74532478
 -0.63215686  0.81254482
 -0.59137255  0.87089898
 -0.55058824  0.91913261
 -0.50980392  0.95590715
 -0.46901961  0.97981074
 -0.42823529  0.98938187
 -0.38745098  0.98315136
 -0.34666667  0.95970850
 -0.30588235  0.91779710
 -0.26509804  0.85644506
 -0.22431373  0.77512672
 -0.18352941  0.67394885
 -0.14274510  0.55384050
 -0.10196078  0.41671425
 -0.06117647  0.26555687
 -0.02039216  0.10440641
  0.02039216 -0.06181500
  0.06117647 -0.22761637
  0.10196078 -0.38736764
  0.14274510 -0.53577667
  0.18352941 -0.66832704
  0.22431373 -0.78159776
  0.26509804 -0.87341621
  0.30588235 -0.94283883
  0.34666667 -0.98999291
  0.38745098 -1.01583573
  0.42823529 -1.02188973
  0.46901961 -1.00999971
  0.50980392 -0.98213859
  0.55058824 -0.94026974
  0.59137255 -0.88626138
  0.63215686 -0.82184211
  0.67294118 -0.74858529
  0.71372549 -0.66791167
  0.75450980 -0.58110226
  0.79529412 -0.48931602
  0.83607843 -0.39360914
  0.87686275 -0.29495406
  0.91764706 -0.19425742
  0.95843137 -0.09237669
  0.99921569  0.00986456
