time =   1.200000
 -0.99921569  0.00493313
 -0.95843137  0.10381522
 -0.91764706  0.18790400
 -0.87686275  0.27060909
 -0.83607843  0.35172756
 -0.79529412  0.43085091
 -0.75450980  0.50751906
 -0.71372549  0.58122228
 -0.67294118  0.65138932
 -0.63215686  0.71737132
 -0.59137255  0.77842192
 -0.55058824  0.83367241
 -0.50980392  0.88210087
 -0.46901961  0.92249363
 -0.42823529  0.95339775
 -0.38745098  0.97306368
 -0.34666667  0.97937914
 -0.30588235  0.96980012
 -0.26509804  0.94129486
 -0.22431373  0.89033670
 -0.18352941  0.81301728
 -0.14274510  0.70540462
 -0.10196078  0.56432526
 -0.06117647  0.38874315
 -0.02039216  0.18169933
  0.02039216 -0.04777922
  0.06117647 -0.28415652
  0.10196078 -0.50776373
  0.14274510 -0.70009399
  0.18352941 -0.84940699
  0.22431373 -0.95309373
  0.26509804 -1.01573411
  0.30588235 -1.04508621
  0.34666667 -1.04883974
  0.38745098 -1.03318406
  0.42823529 -1.00267601
  0.46901961 -0.96059807
  0.50980392 -0.90934772
  0.55058824 -0.85072441
  0.59137255 -0.78611829
  0.63215686 -0.71663233
  0.67294118 -0.64316315
  0.71372549 -0.56645631
  0.75450980 -0.48714533
  0.79529412 -0.40577999
  0.83607843 -0.32284757
  0.87686275 -0.23878912
  0.91764706 -0.15401247
  0.95843137 -0.06890292
  0.99921569  0.01616766
