time =   1.300000
 -0.99921569  0.00492923
 -0.95843137  0.10209470
 -0.91764706  0.18397915
 -0.87686275  0.26454167
 -0.83607843  0.34365028
 -0.79529412  0.42094368
 -0.75450980  0.49600816
 -0.71372549  0.56838328
 -0.67294118  0.63755112
 -0.63215686  0.70292115
 -0.59137255  0.76381087
 -0.55058824  0.81942137
 -0.50980392  0.86880611
 -0.46901961  0.91083082
 -0.42823529  0.94412211
 -0.38745098  0.96700197
 -0.34666667  0.97740625
 -0.30588235  0.97278752
 -0.26509804  0.95001106
 -0.22431373  0.90527055
 -0.18352941  0.83408966
 -0.14274510  0.73154885
 -0.10196078  0.59298649
 -0.06117647  0.41551783
 -0.02039216  0.20059638
  0.02039216 -0.04286214
  0.06117647 -0.29671045
  0.10196078 -0.53609638
  0.14274510 -0.73726320
  0.18352941 -0.88642469
  0.22431373 -0.98299700
  0.26509804 -1.03546661
  0.30588235 -1.05476451
  0.34666667 -1.05009728
  0.38745098 -1.02796877
  0.42823529 -0.99273839
  0.46901961 -0.94738039
  0.50980392 -0.89401406
  0.55058824 -0.83421541
  0.59137255 -0.76919828
  0.63215686 -0.69992511
  0.67294118 -0.62717866
  0.71372549 -0.55161054
  0.75450980 -0.47377538
  0.79529412 -0.39415549
  0.83607843 -0.31317927
  0.87686275 -0.23123547
  0.91764706 -0.14868441
  0.95843137 -0.06586736
  0.99921569  0.01688545
