time =   1.500000
 -0.99921569  0.00492146
 -0.95843137  0.09882092
 -0.91764706  0.17664765
 -0.87686275  0.25324446
 -0.83607843  0.32860705
 -0.79529412  0.40245463
 -0.75450980  0.47445159
 -0.71372549  0.54422086
 -0.67294118  0.61133609
 -0.63215686  0.67530852
 -0.59137255  0.73556977
 -0.55058824  0.79144933
 -0.50980392  0.84214494
 -0.46901961  0.88668307
 -0.42823529  0.92386557
 -0.38745098  0.95219715
 -0.34666667  0.96978622
 -0.30588235  0.97421022
 -0.26509804  0.96233623
 -0.22431373  0.93009505
 -0.18352941  0.87223405
 -0.14274510  0.78215363
 -0.10196078  0.65212491
 -0.06117647  0.47456201
 -0.02039216  0.24547662
  0.02039216 -0.02906354
  0.06117647 -0.32571261
  0.10196078 -0.60418727
  0.14274510 -0.82353692
  0.18352941 -0.96521997
  0.22431373 -1.03875558
  0.26509804 -1.06579822
  0.30588235 -1.06419665
  0.34666667 -1.04424084
  0.38745098 -1.01136992
  0.42823529 -0.96877137
  0.46901961 -0.91858134
  0.50980392 -0.86234641
  0.55058824 -0.80123295
  0.59137255 -0.73614770
  0.63215686 -0.66781493
  0.67294118 -0.59682790
  0.71372549 -0.52368394
  0.75450980 -0.44880923
  0.79529412 -0.37257691
  0.83607843 -0.29532057
  0.87686275 -0.21734479
  0.91764706 -0.13893361
  0.95843137 -0.06035752
  0.99921569  0.01812034
