time =   2.000000
 -0.99921569  0.00490215
 -0.95843137  0.09149470
 -0.91764706  0.16083903
 -0.87686275  0.22906074
 -0.83607843  0.29640992
 -0.79529412  0.36275104
 -0.75450980  0.42788296
 -0.71372549  0.49157198
 -0.67294118  0.55355156
 -0.63215686  0.61351475
 -0.59137255  0.67110309
 -0.55058824  0.72589135
 -0.50980392  0.77736680
 -0.46901961  0.82490042
 -0.42823529  0.86770601
 -0.38745098  0.90478058
 -0.34666667  0.93481539
 -0.30588235  0.95605884
 -0.26509804  0.96609883
 -0.22431373  0.96150580
 -0.18352941  0.93722962
 -0.14274510  0.88555905
 -0.10196078  0.79434084
 -0.06117647  0.64420756
 -0.02039216  0.40592225
  0.02039216  0.04606421
  0.06117647 -0.43170725
  0.10196078 -0.89642677
  0.14274510 -1.12945106
  0.18352941 -1.13212004
  0.22431373 -1.09131091
  0.26509804 -1.06536089
  0.30588235 -1.03466689
  0.34666667 -0.99441731
  0.38745098 -0.94772890
  0.42823529 -0.89644898
  0.46901961 -0.84146797
  0.50980392 -0.78344001
  0.55058824 -0.72289951
  0.59137255 -0.66028192
  0.63215686 -0.59594710
  0.67294118 -0.53019880
  0.71372549 -0.46329864
  0.75450980 -0.39547639
  0.79529412 -0.32693773
  0.83607843 -0.25787030
  0.87686275 -0.18844861
  0.91764706 -0.11883805
  0.95843137 -0.04919841
  0.99921569  0.02031290
