time =   1.800000
 -0.99921569  0.00490986
 -0.95843137  0.09428947
 -0.91764706  0.16677710
 -0.87686275  0.23811508
 -0.83607843  0.30846133
 -0.79529412  0.37762979
 -0.75450980  0.44537379
 -0.71372549  0.51141134
 -0.67294118  0.57542184
 -0.63215686  0.63703643
 -0.59137255  0.69582444
 -0.55058824  0.75127526
 -0.50980392  0.80277377
 -0.46901961  0.84956665
 -0.42823529  0.89071510
 -0.38745098  0.92502705
 -0.34666667  0.95095818
 -0.30588235  0.96646424
 -0.26509804  0.96877645
 -0.22431373  0.95405599
 -0.18352941  0.91686275
 -0.14274510  0.84936695
 -0.10196078  0.74032002
 -0.06117647  0.57427771
 -0.02039216  0.33323813
  0.02039216  0.00670370
  0.06117647 -0.38213739
  0.10196078 -0.74961419
  0.14274510 -0.99022217
  0.18352941 -1.08228406
  0.22431373 -1.09314630
  0.26509804 -1.07856420
  0.30588235 -1.05315991
  0.34666667 -1.01833433
  0.38745098 -0.97553149
  0.42823529 -0.92646864
  0.46901961 -0.87246548
  0.50980392 -0.81448055
  0.55058824 -0.75324459
  0.59137255 -0.68933747
  0.63215686 -0.62323183
  0.67294118 -0.55532171
  0.71372549 -0.48594269
  0.75450980 -0.41538650
  0.79529412 -0.34391190
  0.83607843 -0.27175302
  0.87686275 -0.19912598
  0.91764706 -0.12623429
  0.95843137 -0.05327350
  0.99921569  0.01956471
