time =   1.000000
 -0.99921569  0.00419041
 -0.95843137  0.07262264
 -0.91764706  0.13051643
 -0.87686275  0.18653688
 -0.83607843  0.24196781
 -0.79529412  0.29693170
 -0.75450980  0.35137795
 -0.71372549  0.40522276
 -0.67294118  0.45836732
 -0.63215686  0.51069896
 -0.59137255  0.56208886
 -0.55058824  0.61238807
 -0.50980392  0.66142207
 -0.46901961  0.70898337
 -0.42823529  0.75482128
 -0.38745098  0.79862753
 -0.34666667  0.84001546
 -0.30588235  0.87848900
 -0.26509804  0.91339488
 -0.22431373  0.94384639
 -0.18352941  0.96859903
 -0.14274510  0.98587794
 -0.10196078  0.99383938
 -0.06117647  1.00114312
 -0.02039216  1.00942144
  0.02039216 -0.16813983
  0.06117647 -1.82550377
  0.10196078 -1.22298428
  0.14274510 -0.95856895
  0.18352941 -0.98858959
  0.22431373 -1.00029841
  0.26509804 -0.95398793
  0.30588235 -0.90089380
  0.34666667 -0.85332116
  0.38745098 -0.80477731
  0.42823529 -0.75439870
  0.46901961 -0.70281098
  0.50980392 -0.65026616
  0.55058824 -0.59689916
  0.59137255 -0.54283249
  0.63215686 -0.48817641
  0.67294118 -0.43302889
  0.71372549 -0.37747806
  0.75450980 -0.32160436
  0.79529412 -0.26548232
  0.83607843 -0.20918190
  0.87686275 -0.15276976
  0.91764706 -0.09630950
  0.95843137 -0.03983802
  0.99921569  0.01774007
