time =   0.800000
 -0.99921569  0.00494876
 -0.95843137  0.11132660
 -0.91764706  0.20566900
 -0.87686275  0.29822690
 -0.83607843  0.38844960
 -0.79529412  0.47567266
 -0.75450980  0.55918259
 -0.71372549  0.63820791
 -0.67294118  0.71190537
 -0.63215686  0.77934475
 -0.59137255  0.83949261
 -0.55058824  0.89119566
 -0.50980392  0.93316467
 -0.46901961  0.96396131
 -0.42823529  0.98199153
 -0.38745098  0.98551158
 -0.34666667  0.97265604
 -0.30588235  0.94150100
 -0.26509804  0.89017944
 -0.22431373  0.81706745
 -0.18352941  0.72105588
 -0.14274510  0.60190657
 -0.10196078  0.46066125
 -0.06117647  0.30002489
 -0.02039216  0.12459724
  0.02039216 -0.05919407
  0.06117647 -0.24356345
  0.10196078 -0.42022523
  0.14274510 -0.58146469
  0.18352941 -0.72113107
  0.22431373 -0.83526968
  0.26509804 -0.92225102
  0.30588235 -0.98244912
  0.34666667 -1.01765987
  0.38745098 -1.03047665
  0.42823529 -1.02377640
  0.46901961 -1.00037577
  0.50980392 -0.96284611
  0.55058824 -0.91344328
  0.59137255 -0.85410594
  0.63215686 -0.78648695
  0.67294118 -0.71199637
  0.71372549 -0.63184483
  0.75450980 -0.54708245
  0.79529412 -0.45863201
  0.83607843 -0.36731670
  0.87686275 -0.27388312
  0.91764706 -0.17902053
  0.95843137 -0.08337729
  0.99921569  0.01242494
