time =   1.600000
 -0.99921569  0.00491759
 -0.95843137  0.09726230
 -0.91764706  0.17321743
 -0.87686275  0.24797593
 -0.83607843  0.32159108
 -0.79529412  0.39381668
 -0.75450980  0.46435006
 -0.71372549  0.53284934
 -0.67294118  0.59892721
 -0.63215686  0.66213895
 -0.59137255  0.72196636
 -0.55058824  0.77779667
 -0.50980392  0.82889437
 -0.46901961  0.87436327
 -0.42823529  0.91309425
 -0.38745098  0.94369286
 -0.34666667  0.96437728
 -0.30588235  0.97283418
 -0.26509804  0.96601536
 -0.22431373  0.93985732
 -0.18352941  0.88891958
 -0.14274510  0.80599810
 -0.10196078  0.68196449
 -0.06117647  0.50657126
 -0.02039216  0.27186867
  0.02039216 -0.01955729
  0.06117647 -0.34255165
  0.10196078 -0.64561984
  0.14274510 -0.87364425
  0.18352941 -1.00576982
  0.22431373 -1.06233375
  0.26509804 -1.07490426
  0.30588235 -1.06365083
  0.34666667 -1.03750875
  0.38745098 -1.00055875
  0.42823529 -0.95527519
  0.46901961 -0.90342513
  0.50980392 -0.84632235
  0.55058824 -0.78496622
  0.59137255 -0.72013796
  0.63215686 -0.65246506
  0.67294118 -0.58246418
  0.71372549 -0.51057055
  0.75450980 -0.43715881
  0.79529412 -0.36255833
  0.83607843 -0.28706468
  0.87686275 -0.21094871
  0.91764706 -0.13446381
  0.95843137 -0.05785200
  0.99921569  0.01865069
