time =   0.900000
 -0.99921569  0.00494484
 -0.95843137  0.10934754
 -0.91764706  0.20088402
 -0.87686275  0.29076457
 -0.83607843  0.37853699
 -0.79529412  0.46361324
 -0.75450980  0.54535528
 -0.71372549  0.62306804
 -0.67294118  0.69598539
 -0.63215686  0.76325371
 -0.59137255  0.82391348
 -0.55058824  0.87687856
 -0.50980392  0.92091401
 -0.46901961  0.95461329
 -0.42823529  0.97637778
 -0.38745098  0.98440347
 -0.34666667  0.97668377
 -0.30588235  0.95104270
 -0.26509804  0.90522019
 -0.22431373  0.83703868
 -0.18352941  0.74468430
 -0.14274510  0.62712738
 -0.10196078  0.48467449
 -0.06117647  0.31957591
 -0.02039216  0.13651572
  0.02039216 -0.05727078
  0.06117647 -0.25249452
  0.10196078 -0.43898781
  0.14274510 -0.60730661
  0.18352941 -0.75023969
  0.22431373 -0.86369295
  0.26509804 -0.94671046
  0.30588235 -1.00079462
  0.34666667 -1.02892792
  0.38745098 -1.03467673
  0.42823529 -1.02157415
  0.46901961 -0.99279714
  0.50980392 -0.95105746
  0.55058824 -0.89861224
  0.59137255 -0.83732487
  0.63215686 -0.76873731
  0.67294118 -0.69413671
  0.71372549 -0.61461108
  0.75450980 -0.53109386
  0.79529412 -0.44439907
  0.83607843 -0.35524922
  0.87686275 -0.26429758
  0.91764706 -0.17214636
  0.95843137 -0.07936183
  0.99921569  0.01351253
