time =   0.200000
 -0.99921569  0.00467573
 -0.95843137  0.08695799
 -0.91764706  0.15361943
 -0.87686275  0.21892004
 -0.83607843  0.28347011
 -0.79529412  0.34718410
 -0.75450980  0.40990385
 -0.71372549  0.47144182
 -0.67294118  0.53158369
 -0.63215686  0.59008313
 -0.59137255  0.64665317
 -0.55058824  0.70095422
 -0.50980392  0.75257771
 -0.46901961  0.80102303
 -0.42823529  0.84566451
 -0.38745098  0.88570241
 -0.34666667  0.92008755
 -0.30588235  0.94740084
 -0.26509804  0.96565062
 -0.22431373  0.97191195
 -0.18352941  0.96164147
 -0.14274510  0.92728552
 -0.10196078  0.85530425
 -0.06117647  0.71991770
 -0.02039216  0.47303132
  0.02039216  0.04780740
  0.06117647 -0.55003046
  0.10196078 -1.06901590
  0.14274510 -1.21632458
  0.18352941 -1.13204106
  0.22431373 -1.07286058
  0.26509804 -1.04669137
  0.30588235 -1.01176266
  0.34666667 -0.96728301
  0.38745098 -0.91822472
  0.42823529 -0.86591173
  0.46901961 -0.81081073
  0.50980392 -0.75337303
  0.55058824 -0.69399545
  0.59137255 -0.63300484
  0.63215686 -0.57067422
  0.67294118 -0.50723674
  0.71372549 -0.44289537
  0.75450980 -0.37783002
  0.79529412 -0.31220309
  0.83607843 -0.24616374
  0.87686275 -0.17985154
  0.91764706 -0.11339944
  0.95843137 -0.04693582
  0.99921569  0.01977283
