time =   0.500000
 -0.99921569  0.00496056
 -0.95843137  0.11772384
 -0.91764706  0.22169651
 -0.87686275  0.32333317
 -0.83607843  0.42171871
 -0.79529412  0.51588606
 -0.75450980  0.60483067
 -0.71372549  0.68750213
 -0.67294118  0.76279672
 -0.63215686  0.82955261
 -0.59137255  0.88654877
 -0.55058824  0.93250943
 -0.50980392  0.96611623
 -0.46901961  0.98603098
 -0.42823529  0.99093219
 -0.38745098  0.97956867
 -0.34666667  0.95083312
 -0.30588235  0.90385688
 -0.26509804  0.83812427
 -0.22431373  0.75360056
 -0.18352941  0.65086207
 -0.14274510  0.53121063
 -0.10196078  0.39675044
 -0.06117647  0.25040342
 -0.02039216  0.09584388
  0.02039216 -0.06265664
  0.06117647 -0.22046755
  0.10196078 -0.37289633
  0.14274510 -0.51550558
  0.18352941 -0.64440513
  0.22431373 -0.75647768
  0.26509804 -0.84951064
  0.30588235 -0.92222572
  0.34666667 -0.97421711
  0.38745098 -1.00582283
  0.42823529 -1.01795974
  0.46901961 -1.01195120
  0.50980392 -0.98936951
  0.55058824 -0.95190604
  0.59137255 -0.90127417
  0.63215686 -0.83914346
  0.67294118 -0.76710031
  0.71372549 -0.68662903
  0.75450980 -0.59910708
  0.79529412 -0.50580975
  0.83607843 -0.40792027
  0.87686275 -0.30654292
  0.91764706 -0.20271730
  0.95843137 -0.09743287
  0.99921569  0.00835682
