time =   2.000000
 -0.99921569  0.00405801
 -0.95843137  0.06007171
 -0.91764706  0.10968038
 -0.87686275  0.15739194
 -0.83607843  0.20449217
 -0.79529412  0.25127434
 -0.75450980  0.29777623
 -0.71372549  0.34397426
 -0.67294118  0.38982792
 -0.63215686  0.43528891
 -0.59137255  0.48030252
 -0.55058824  0.52480701
 -0.50980392  0.56873226
 -0.46901961  0.61199792
 -0.42823529  0.65451087
 -0.38745098  0.69616197
 -0.34666667  0.73682165
 -0.30588235  0.77633401
 -0.26509804  0.81450896
 -0.22431373  0.85110982
 -0.18352941  0.88550455
 -0.14274510  0.91675806
 -0.10196078  1.00537019
 -0.06117647  0.61665733
 -0.02039216  2.58333899
  0.02039216 -3.13825142
  0.06117647 -0.48880317
  0.10196078 -0.64592032
  0.14274510 -1.14467854
  0.18352941 -0.94592476
  0.22431373 -0.84362010
  0.26509804 -0.81104451
  0.30588235 -0.77855967
  0.34666667 -0.73460910
  0.38745098 -0.68881273
  0.42823529 -0.64377160
  0.46901961 -0.59832395
  0.50980392 -0.55240911
  0.55058824 -0.50614389
  0.59137255 -0.45958283
  0.63215686 -0.41276907
  0.67294118 -0.36574347
  0.71372549 -0.31854407
  0.75450980 -0.27120656
  0.79529412 -0.22376471
  0.83607843 -0.17625087
  0.87686275 -0.12869589
  0.91764706 -0.08112468
  0.95843137 -0.03349844
  0.99921569  0.01550464
