time =   0.200000
 -0.99921569  0.00497241
 -0.95843137  0.12491121
 -0.91764706  0.24083720
 -0.87686275  0.35350473
 -0.83607843  0.46146307
 -0.79529412  0.56327681
 -0.75450980  0.65752997
 -0.71372549  0.74283356
 -0.67294118  0.81783729
 -0.63215686  0.88124602
 -0.59137255  0.93184148
 -0.55058824  0.96850936
 -0.50980392  0.99027135
 -0.46901961  0.99632163
 -0.42823529  0.98606631
 -0.38745098  0.95916402
 -0.34666667  0.91556519
 -0.30588235  0.85554718
 -0.26509804  0.77974218
 -0.22431373  0.68915466
 -0.18352941  0.58516562
 -0.14274510  0.46952149
 -0.10196078  0.34430624
 -0.06117647  0.21189670
 -0.02039216  0.07490211
  0.02039216 -0.06390958
  0.06117647 -0.20169525
  0.10196078 -0.33562527
  0.14274510 -0.46297263
  0.18352941 -0.58119709
  0.22431373 -0.68802002
  0.26509804 -0.78148567
  0.30588235 -0.86000629
  0.34666667 -0.92238942
  0.38745098 -0.96784725
  0.42823529 -0.99598929
  0.46901961 -1.00680030
  0.50980392 -1.00060682
  0.55058824 -0.97803541
  0.59137255 -0.93996643
  0.63215686 -0.88748646
  0.67294118 -0.82184236
  0.71372549 -0.74439918
  0.75450980 -0.65660348
  0.79529412 -0.55995284
  0.83607843 -0.45597203
  0.87686275 -0.34619527
  0.91764706 -0.23215421
  0.95843137 -0.11537054
  0.99921569  0.00264770
