time =   1.700000
 -0.99921569  0.00406363
 -0.95843137  0.06336974
 -0.91764706  0.11522036
 -0.87686275  0.16513936
 -0.83607843  0.21445900
 -0.79529412  0.26343536
 -0.75450980  0.31208308
 -0.71372549  0.36036425
 -0.67294118  0.40822585
 -0.63215686  0.45560633
 -0.59137255  0.50243604
 -0.55058824  0.54863593
 -0.50980392  0.59411551
 -0.46901961  0.63877001
 -0.42823529  0.68247672
 -0.38745098  0.72508995
 -0.34666667  0.76643425
 -0.30588235  0.80629500
 -0.26509804  0.84440480
 -0.22431373  0.88042245
 -0.18352941  0.91391476
 -0.14274510  0.94553203
 -0.10196078  0.97785837
 -0.06117647  0.82439395
 -0.02039216  2.04653322
  0.02039216 -2.33963073
  0.06117647 -1.08704789
  0.10196078 -0.57432716
  0.14274510 -1.01141590
  0.18352941 -1.00973738
  0.22431373 -0.90591041
  0.26509804 -0.84718770
  0.30588235 -0.80986084
  0.34666667 -0.76736955
  0.38745098 -0.72071083
  0.42823529 -0.67380773
  0.46901961 -0.62652746
  0.50980392 -0.57871873
  0.55058824 -0.53045994
  0.59137255 -0.48182324
  0.63215686 -0.43286622
  0.67294118 -0.38364091
  0.71372549 -0.33419530
  0.75450980 -0.28457411
  0.79529412 -0.23481944
  0.83607843 -0.18497141
  0.87686275 -0.13506844
  0.91764706 -0.08514435
  0.95843137 -0.03517903
  0.99921569  0.01614246
