time =   0.400000
 -0.99921569  0.00450499
 -0.95843137  0.08289123
 -0.91764706  0.14712971
 -0.87686275  0.20981361
 -0.83607843  0.27182342
 -0.79529412  0.33312524
 -0.75450980  0.39359408
 -0.71372549  0.45307721
 -0.67294118  0.51139962
 -0.63215686  0.56836072
 -0.59137255  0.62372776
 -0.55058824  0.67722667
 -0.50980392  0.72852940
 -0.46901961  0.77723626
 -0.42823529  0.82285058
 -0.38745098  0.86474127
 -0.34666667  0.90208524
 -0.30588235  0.93377501
 -0.26509804  0.95826182
 -0.22431373  0.97327024
 -0.18352941  0.97522963
 -0.14274510  0.95800029
 -0.10196078  0.90956984
 -0.06117647  0.80223679
 -0.02039216  0.56434718
  0.02039216  0.04820075
  0.06117647 -0.75029398
  0.10196078 -1.26009307
  0.14274510 -1.22536484
  0.18352941 -1.09098119
  0.22431373 -1.04784176
  0.26509804 -1.02554928
  0.30588235 -0.98589292
  0.34666667 -0.93855127
  0.38745098 -0.88858519
  0.42823529 -0.83622599
  0.46901961 -0.78165608
  0.50980392 -0.72523372
  0.55058824 -0.66727047
  0.59137255 -0.60801953
  0.63215686 -0.54769431
  0.67294118 -0.48647912
  0.71372549 -0.42453592
  0.75450980 -0.36200943
  0.79529412 -0.29903122
  0.83607843 -0.23572287
  0.87686275 -0.17219875
  0.91764706 -0.10856821
  0.95843137 -0.04493377
  0.99921569  0.01924264
