time =   0.300000
 -0.99921569  0.00458512
 -0.95843137  0.08487729
 -0.91764706  0.15030498
 -0.87686275  0.21426825
 -0.83607843  0.27752379
 -0.79529412  0.34001129
 -0.75450980  0.40159004
 -0.71372549  0.46209093
 -0.67294118  0.52132049
 -0.63215686  0.57905665
 -0.59137255  0.63504116
 -0.55058824  0.68896915
 -0.50980392  0.74047462
 -0.46901961  0.78911022
 -0.42823529  0.83431817
 -0.38745098  0.87538698
 -0.34666667  0.91138497
 -0.30588235  0.94105308
 -0.26509804  0.96262295
 -0.22431373  0.97348723
 -0.18352941  0.96955386
 -0.14274510  0.94386060
 -0.10196078  0.88331117
 -0.06117647  0.76053643
 -0.02039216  0.51595837
  0.02039216  0.04868914
  0.06117647 -0.64005973
  0.10196078 -1.16577944
  0.14274510 -1.23002333
  0.18352941 -1.11460643
  0.22431373 -1.06034774
  0.26509804 -1.03619673
  0.30588235 -0.99907866
  0.34666667 -0.95302265
  0.38745098 -0.90337233
  0.42823529 -0.85095506
  0.46901961 -0.79606809
  0.50980392 -0.73910502
  0.55058824 -0.68041622
  0.59137255 -0.62028891
  0.63215686 -0.55896398
  0.67294118 -0.49664830
  0.71372549 -0.43352282
  0.75450980 -0.36974860
  0.79529412 -0.30547154
  0.83607843 -0.24082609
  0.87686275 -0.17593837
  0.91764706 -0.11092877
  0.95843137 -0.04591243
  0.99921569  0.01950588
