time =   1.400000
 -0.99921569  0.00492535
 -0.95843137  0.10043085
 -0.91764706  0.18023115
 -0.87686275  0.25876024
 -0.83607843  0.33595217
 -0.79529412  0.41148799
 -0.75450980  0.48499528
 -0.71372549  0.55605761
 -0.67294118  0.62420522
 -0.63215686  0.68890088
 -0.59137255  0.74952145
 -0.55058824  0.80533428
 -0.50980392  0.85546648
 -0.46901961  0.89886462
 -0.42823529  0.93424150
 -0.38745098  0.96000577
 -0.34666667  0.97416942
 -0.30588235  0.97422870
 -0.26509804  0.95701819
 -0.22431373  0.91855155
 -0.18352941  0.85389913
 -0.14274510  0.75723554
 -0.10196078  0.62235141
 -0.06117647  0.44415429
 -0.02039216  0.22178297
  0.02039216 -0.03671786
  0.06117647 -0.31050244
  0.10196078 -0.56799434
  0.14274510 -0.77824843
  0.18352941 -0.92517536
  0.22431373 -1.01188250
  0.26509804 -1.05241189
  0.30588235 -1.06121844
  0.34666667 -1.04852547
  0.38745098 -1.02061125
  0.42823529 -0.98134794
  0.46901961 -0.93330040
  0.50980392 -0.87829111
  0.55058824 -0.81768008
  0.59137255 -0.75251838
  0.63215686 -0.68364178
  0.67294118 -0.61173192
  0.71372549 -0.53735792
  0.75450980 -0.46100561
  0.79529412 -0.38309876
  0.83607843 -0.30401490
  0.87686275 -0.22409764
  0.91764706 -0.14366636
  0.95843137 -0.06302440
  0.99921569  0.01753400
