time =   1.800000
 -0.99921569  0.00405923
 -0.95843137  0.06223184
 -0.91764706  0.11331458
 -0.87686275  0.16247429
 -0.83607843  0.21103068
 -0.79529412  0.25925351
 -0.75450980  0.30716546
 -0.71372549  0.35473363
 -0.67294118  0.40190950
 -0.63215686  0.44863635
 -0.59137255  0.49485000
 -0.55058824  0.54047776
 -0.50980392  0.58543665
 -0.46901961  0.62963093
 -0.42823529  0.67294891
 -0.38745098  0.71525852
 -0.34666667  0.75640155
 -0.30588235  0.79618551
 -0.26509804  0.83437208
 -0.22431373  0.87065567
 -0.18352941  0.90458126
 -0.14274510  0.93710475
 -0.10196078  0.98250720
 -0.06117647  0.75862780
 -0.02039216  2.23989831
  0.02039216 -2.66994121
  0.06117647 -0.85743960
  0.10196078 -0.57064226
  0.14274510 -1.05861257
  0.18352941 -0.99618485
  0.22431373 -0.88476173
  0.26509804 -0.83385568
  0.30588235 -0.79902216
  0.34666667 -0.75626322
  0.38745098 -0.70981820
  0.42823529 -0.66351241
  0.46901961 -0.61685300
  0.50980392 -0.56968772
  0.55058824 -0.52210742
  0.59137255 -0.47417922
  0.63215686 -0.42595551
  0.67294118 -0.37748417
  0.71372549 -0.32880953
  0.75450980 -0.27997302
  0.79529412 -0.23101369
  0.83607843 -0.18196884
  0.87686275 -0.13287414
  0.91764706 -0.08376027
  0.95843137 -0.03460051
  0.99921569  0.01592687
