time =   0.300000
 -0.99921569  0.00496845
 -0.95843137  0.12241872
 -0.91764706  0.23405324
 -0.87686275  0.34279065
 -0.83607843  0.44738586
 -0.79529412  0.54658359
 -0.75450980  0.63911958
 -0.71372549  0.72372059
 -0.67294118  0.79910831
 -0.63215686  0.86400814
 -0.59137255  0.91716404
 -0.55058824  0.95736027
 -0.50980392  0.98345104
 -0.46901961  0.99439852
 -0.42823529  0.98931912
 -0.38745098  0.96753701
 -0.34666667  0.92864295
 -0.30588235  0.87255496
 -0.26509804  0.79957628
 -0.22431373  0.71044485
 -0.18352941  0.60636807
 -0.14274510  0.48903643
 -0.10196078  0.36061082
 -0.06117647  0.22368015
 -0.02039216  0.08118849
  0.02039216 -0.06366544
  0.06117647 -0.20755069
  0.10196078 -0.34713941
  0.14274510 -0.47924452
  0.18352941 -0.60094851
  0.22431373 -0.70971306
  0.26509804 -0.80346140
  0.30588235 -0.88062885
  0.34666667 -0.94018004
  0.38745098 -0.98159542
  0.42823529 -1.00483191
  0.46901961 -1.01026465
  0.50980392 -0.99861757
  0.55058824 -0.97088969
  0.59137255 -0.92828381
  0.63215686 -0.87214171
  0.67294118 -0.80388918
  0.71372549 -0.72499203
  0.75450980 -0.63692315
  0.79529412 -0.54113989
  0.83607843 -0.43907016
  0.87686275 -0.33210578
  0.91764706 -0.22160132
  0.95843137 -0.10887691
  0.99921569  0.00477623
