time =   0.900000
 -0.99921569  0.00422642
 -0.95843137  0.07416084
 -0.91764706  0.13302748
 -0.87686275  0.19005208
 -0.83607843  0.24648251
 -0.79529412  0.30241703
 -0.75450980  0.35779424
 -0.71372549  0.41252147
 -0.67294118  0.46649039
 -0.63215686  0.51957747
 -0.59137255  0.57164113
 -0.55058824  0.62251716
 -0.50980392  0.67201248
 -0.46901961  0.71989656
 -0.42823529  0.76588949
 -0.38745098  0.80964519
 -0.34666667  0.85072662
 -0.30588235  0.88856868
 -0.26509804  0.92242001
 -0.22431373  0.95124936
 -0.18352941  0.97359288
 -0.14274510  0.98734572
 -0.10196078  0.98997850
 -0.06117647  0.98220457
 -0.02039216  0.91405390
  0.02039216 -0.07263818
  0.06117647 -1.64549096
  0.10196078 -1.32176655
  0.14274510 -1.00531552
  0.18352941 -0.99271908
  0.22431373 -1.00620015
  0.26509804 -0.96759747
  0.30588235 -0.91537151
  0.34666667 -0.86697802
  0.38745098 -0.81800912
  0.42823529 -0.76720393
  0.46901961 -0.71504320
  0.50980392 -0.66181431
  0.55058824 -0.60767847
  0.59137255 -0.55277283
  0.63215686 -0.49721942
  0.67294118 -0.44112634
  0.71372549 -0.38459053
  0.75450980 -0.32770018
  0.79529412 -0.27053675
  0.83607843 -0.21317655
  0.87686275 -0.15569214
  0.91764706 -0.09815296
  0.95843137 -0.04060572
  0.99921569  0.01798160
