time =   0.700000
 -0.99921569  0.00495269
 -0.95843137  0.11337946
 -0.91764706  0.21071644
 -0.87686275  0.30611577
 -0.83607843  0.39891822
 -0.79529412  0.48837211
 -0.75450980  0.57367855
 -0.71372549  0.65398146
 -0.67294118  0.72835481
 -0.63215686  0.79578961
 -0.59137255  0.85518123
 -0.55058824  0.90531825
 -0.50980392  0.94487455
 -0.46901961  0.97240744
 -0.42823529  0.98636629
 -0.38745098  0.98511774
 -0.34666667  0.96699589
 -0.30588235  0.93038732
 -0.26509804  0.87386160
 -0.22431373  0.79635499
 -0.18352941  0.69740715
 -0.14274510  0.57743534
 -0.10196078  0.43800842
 -0.06117647  0.28205772
 -0.02039216  0.11394557
  0.02039216 -0.06068227
  0.06117647 -0.23529447
  0.10196078 -0.40308676
  0.14274510 -0.55769715
  0.18352941 -0.69386375
  0.22431373 -0.80787521
  0.26509804 -0.89772995
  0.30588235 -0.96301310
  0.34666667 -1.00457545
  0.38745098 -1.02412953
  0.42823529 -1.02386355
  0.46901961 -1.00613424
  0.50980392 -0.97325808
  0.55058824 -0.92739149
  0.59137255 -0.87047771
  0.63215686 -0.80423655
  0.67294118 -0.73017817
  0.71372549 -0.64962784
  0.75450980 -0.56375408
  0.79529412 -0.47359608
  0.83607843 -0.38008882
  0.87686275 -0.28408522
  0.91764706 -0.18637551
  0.95843137 -0.08770429
  0.99921569  0.01121434
