time =   0.800000
 -0.99921569  0.00426821
 -0.95843137  0.07576284
 -0.91764706  0.13563386
 -0.87686275  0.19370176
 -0.83607843  0.25116805
 -0.79529412  0.30810570
 -0.75450980  0.36444201
 -0.71372549  0.42007460
 -0.67294118  0.47488458
 -0.63215686  0.52873626
 -0.59137255  0.58147377
 -0.55058824  0.63291580
 -0.50980392  0.68284832
 -0.46901961  0.73101472
 -0.42823529  0.77710193
 -0.38745098  0.82072061
 -0.34666667  0.86137578
 -0.30588235  0.89842205
 -0.26509804  0.93099239
 -0.22431373  0.95788033
 -0.18352941  0.97733806
 -0.14274510  0.98673487
 -0.10196078  0.98204260
 -0.06117647  0.95515782
 -0.02039216  0.82780519
  0.02039216 -0.01481620
  0.06117647 -1.44018501
  0.10196078 -1.38678676
  0.14274510 -1.05905665
  0.18352941 -1.00302555
  0.22431373 -1.01206279
  0.26509804 -0.98034709
  0.30588235 -0.92986185
  0.34666667 -0.88093383
  0.38745098 -0.83155799
  0.42823529 -0.78034652
  0.46901961 -0.72763357
  0.50980392 -0.67372828
  0.55058824 -0.61881957
  0.59137255 -0.56306190
  0.63215686 -0.50659079
  0.67294118 -0.44952586
  0.71372549 -0.39197398
  0.75450980 -0.33403205
  0.79529412 -0.27578931
  0.83607843 -0.21732914
  0.87686275 -0.15873070
  0.91764706 -0.10006982
  0.95843137 -0.04140347
  0.99921569  0.01822662
