time =   1.000000
 -0.99921569  0.00494093
 -0.95843137  0.10743835
 -0.91764706  0.19634042
 -0.87686275  0.28369423
 -0.83607843  0.36913760
 -0.79529412  0.45214972
 -0.75450980  0.53215926
 -0.71372549  0.60853982
 -0.67294118  0.68059629
 -0.63215686  0.74754802
 -0.59137255  0.80850913
 -0.55058824  0.86246535
 -0.50980392  0.90824736
 -0.46901961  0.94450067
 -0.42823529  0.96965345
 -0.38745098  0.98188561
 -0.34666667  0.97910601
 -0.30588235  0.95895134
 -0.26509804  0.91882957
 -0.22431373  0.85604505
 -0.18352941  0.76805695
 -0.14274510  0.65292993
 -0.10196078  0.51001519
 -0.06117647  0.34082080
 -0.02039216  0.14987447
  0.02039216 -0.05481372
  0.06117647 -0.26217029
  0.10196078 -0.45962090
  0.14274510 -0.63548437
  0.18352941 -0.78128581
  0.22431373 -0.89298989
  0.26509804 -0.97075769
  0.30588235 -1.01764729
  0.34666667 -1.03806437
  0.38745098 -1.03657485
  0.42823529 -1.01726341
  0.46901961 -0.98352233
  0.50980392 -0.93807572
  0.55058824 -0.88309123
  0.59137255 -0.82030231
  0.63215686 -0.75111236
  0.67294118 -0.67667570
  0.71372549 -0.59795845
  0.75450980 -0.51578408
  0.79529412 -0.43086784
  0.83607843 -0.34384306
  0.87686275 -0.25528178
  0.91764706 -0.16571134
  0.95843137 -0.07562806
  0.99921569  0.01449104
