time =   0.600000
 -0.99921569  0.00437137
 -0.95843137  0.07917403
 -0.91764706  0.14115508
 -0.87686275  0.20143690
 -0.83607843  0.26109111
 -0.79529412  0.32013780
 -0.75450980  0.37847985
 -0.71372549  0.43599232
 -0.67294118  0.49253137
 -0.63215686  0.54793256
 -0.59137255  0.60200603
 -0.55058824  0.65452952
 -0.50980392  0.70523878
 -0.46901961  0.75381432
 -0.42823529  0.79986258
 -0.38745098  0.84288848
 -0.34666667  0.88225401
 -0.30588235  0.91711299
 -0.26509804  0.94630318
 -0.22431373  0.96815575
 -0.18352941  0.98012686
 -0.14274510  0.97797633
 -0.10196078  0.95341433
 -0.06117647  0.88418703
 -0.02039216  0.68081261
  0.02039216  0.03603083
  0.06117647 -1.04750065
  0.10196078 -1.39268466
  0.14274510 -1.16400847
  0.18352941 -1.04078811
  0.22431373 -1.02668506
  0.26509804 -1.00373478
  0.30588235 -0.95842611
  0.34666667 -0.90952324
  0.38745098 -0.85955783
  0.42823529 -0.80764028
  0.46901961 -0.75390963
  0.50980392 -0.69869442
  0.55058824 -0.64224156
  0.59137255 -0.58474844
  0.63215686 -0.52638408
  0.67294118 -0.46729610
  0.71372549 -0.40761536
  0.75450980 -0.34745969
  0.79529412 -0.28693692
  0.83607843 -0.22614727
  0.87686275 -0.16518547
  0.91764706 -0.10414230
  0.95843137 -0.04309655
  0.99921569  0.01872734
