time =   0.400000
 -0.99921569  0.00496450
 -0.95843137  0.12002485
 -0.91764706  0.22768611
 -0.87686275  0.33275473
 -0.83607843  0.43416207
 -0.79529412  0.53080767
 -0.75450980  0.62156435
 -0.71372549  0.70527297
 -0.67294118  0.78073989
 -0.63215686  0.84673839
 -0.59137255  0.90201527
 -0.55058824  0.94530446
 -0.50980392  0.97534908
 -0.46901961  0.99093412
 -0.42823529  0.99093129
 -0.38745098  0.97435692
 -0.34666667  0.94044297
 -0.30588235  0.88871905
 -0.26509804  0.81910107
 -0.22431373  0.73197931
 -0.18352941  0.62829602
 -0.14274510  0.50960052
 -0.10196078  0.37806945
 -0.06117647  0.23648132
 -0.02039216  0.08813909
  0.02039216 -0.06325932
  0.06117647 -0.21379453
  0.10196078 -0.35952797
  0.14274510 -0.49671165
  0.18352941 -0.62198272
  0.22431373 -0.73252162
  0.26509804 -0.82615862
  0.30588235 -0.90142196
  0.34666667 -0.95752906
  0.38745098 -0.99432999
  0.42823529 -1.01221712
  0.46901961 -1.01201626
  0.50980392 -0.99487394
  0.55058824 -0.96215206
  0.59137255 -0.91533726
  0.63215686 -0.85596896
  0.67294118 -0.78558625
  0.71372549 -0.70569213
  0.75450980 -0.61773238
  0.79529412 -0.52308569
  0.83607843 -0.42306220
  0.87686275 -0.31890765
  0.91764706 -0.21181138
  0.95843137 -0.10291644
  0.99921569  0.00666925
