time =   1.600000
 -0.99921569  0.00407086
 -0.95843137  0.06454886
 -0.91764706  0.11718912
 -0.87686275  0.16789255
 -0.83607843  0.21800035
 -0.79529412  0.26775361
 -0.75450980  0.31715863
 -0.71372549  0.36617218
 -0.67294118  0.41473634
 -0.63215686  0.46278429
 -0.59137255  0.51024032
 -0.55058824  0.55701833
 -0.50980392  0.60301945
 -0.46901961  0.64812885
 -0.42823529  0.69221145
 -0.38745098  0.73510616
 -0.34666667  0.77661799
 -0.30588235  0.81650699
 -0.26509804  0.85447234
 -0.22431373  0.89012998
 -0.18352941  0.92301013
 -0.14274510  0.95318260
 -0.10196078  0.97698678
 -0.06117647  0.88256558
 -0.02039216  1.85333041
  0.02039216 -1.96080250
  0.06117647 -1.33448111
  0.10196078 -0.60675810
  0.14274510 -0.96800456
  0.18352941 -1.01576983
  0.22431373 -0.92614542
  0.26509804 -0.86162060
  0.30588235 -0.82122955
  0.34666667 -0.77870438
  0.38745098 -0.73186649
  0.42823529 -0.68439482
  0.46901961 -0.63648838
  0.50980392 -0.58802487
  0.55058824 -0.53907373
  0.59137255 -0.48971163
  0.63215686 -0.44000180
  0.67294118 -0.39000086
  0.71372549 -0.33976087
  0.75450980 -0.28933017
  0.79529412 -0.23875423
  0.83607843 -0.18807626
  0.87686275 -0.13733769
  0.91764706 -0.08657568
  0.95843137 -0.03577710
  0.99921569  0.01636109
