time =   0.000000
 -0.99921569  0.00246399
 -0.95843137  0.13022082
 -0.91764706  0.25584278
 -0.87686275  0.37727038
 -0.83607843  0.49251291
 -0.79529412  0.59968106
 -0.75450980  0.69701788
 -0.71372549  0.78292761
 -0.67294118  0.85600182
 -0.63215686  0.91504251
 -0.59137255  0.95908176
 -0.55058824  0.98739756
 -0.50980392  0.99952572
 -0.46901961  0.99526739
 -0.42823529  0.97469239
 -0.38745098  0.93813802
 -0.34666667  0.88620358
 -0.30588235  0.81974048
 -0.26509804  0.73983835
 -0.22431373  0.64780711
 -0.18352941  0.54515555
 -0.14274510  0.43356657
 -0.10196078  0.31486959
 -0.06117647  0.19101055
 -0.02039216  0.06402004
  0.02039216 -0.06402004
  0.06117647 -0.19101055
  0.10196078 -0.31486959
  0.14274510 -0.43356657
  0.18352941 -0.54515555
  0.22431373 -0.64780711
  0.26509804 -0.73983835
  0.30588235 -0.81974048
  0.34666667 -0.88620358
  0.38745098 -0.93813802
  0.42823529 -0.97469239
  0.46901961 -0.99526739
  0.50980392 -0.99952572
  0.55058824 -0.98739756
  0.59137255 -0.95908176
  0.63215686 -0.91504251
  0.67294118 -0.85600182
  0.71372549 -0.78292761
  0.75450980 -0.69701788
  0.79529412 -0.59968106
  0.83607843 -0.49251291
  0.87686275 -0.37727038
  0.91764706 -0.25584278
  0.95843137 -0.13022082
  0.99921569 -0.00246399
