time =   1.300000
 -0.99921569  0.00411233
 -0.95843137  0.06835611
 -0.91764706  0.12350583
 -0.87686275  0.17672728
 -0.83607843  0.22936123
 -0.79529412  0.28159551
 -0.75450980  0.33340954
 -0.71372549  0.38474201
 -0.67294118  0.43551747
 -0.63215686  0.48564967
 -0.59137255  0.53504058
 -0.55058824  0.58357783
 -0.50980392  0.63113113
 -0.46901961  0.67754747
 -0.42823529  0.72264451
 -0.38745098  0.76620165
 -0.34666667  0.80794726
 -0.30588235  0.84754049
 -0.26509804  0.88454391
 -0.22431373  0.91838118
 -0.18352941  0.94826172
 -0.14274510  0.97289522
 -0.10196078  0.98759371
 -0.06117647  0.99456008
 -0.02039216  1.36065909
  0.02039216 -0.81756124
  0.06117647 -1.93573891
  0.10196078 -0.85688619
  0.14274510 -0.89766524
  0.18352941 -1.00294052
  0.22431373 -0.97420246
  0.26509804 -0.90860155
  0.30588235 -0.85887274
  0.34666667 -0.81444653
  0.38745098 -0.76698170
  0.42823529 -0.71796937
  0.46901961 -0.66818768
  0.50980392 -0.61770456
  0.55058824 -0.56659658
  0.59137255 -0.51495642
  0.63215686 -0.46286705
  0.67294118 -0.41040234
  0.71372549 -0.35762941
  0.75450980 -0.30461010
  0.79529412 -0.25140212
  0.83607843 -0.19806005
  0.87686275 -0.14463610
  0.91764706 -0.09117909
  0.95843137 -0.03769908
  0.99921569  0.01703586
