time =   1.700000
 -0.99921569  0.00491372
 -0.95843137  0.09575258
 -0.91764706  0.16993034
 -0.87686275  0.24293788
 -0.83607843  0.31488247
 -0.79529412  0.38554936
 -0.75450980  0.45466535
 -0.71372549  0.52192015
 -0.67294118  0.58696155
 -0.63215686  0.64938468
 -0.59137255  0.70871717
 -0.55058824  0.76439951
 -0.50980392  0.81575866
 -0.46901961  0.86197203
 -0.42823529  0.90201746
 -0.38745098  0.93460244
 -0.34666667  0.95806251
 -0.30588235  0.97021293
 -0.26509804  0.96813067
 -0.22431373  0.94783394
 -0.18352941  0.90382418
 -0.14274510  0.82848531
 -0.10196078  0.71149367
 -0.06117647  0.53992504
 -0.02039216  0.30110097
  0.02039216 -0.00779247
  0.06117647 -0.36126511
  0.10196078 -0.69353718
  0.14274510 -0.92907294
  0.18352941 -1.04550080
  0.22431373 -1.08105056
  0.26509804 -1.07920285
  0.30588235 -1.05980026
  0.34666667 -1.02872016
  0.38745098 -0.98850969
  0.42823529 -0.94110445
  0.46901961 -0.88800534
  0.50980392 -0.83033588
  0.55058824 -0.76895189
  0.59137255 -0.70452624
  0.63215686 -0.63760298
  0.67294118 -0.56863280
  0.71372549 -0.49799739
  0.75450980 -0.42602690
  0.79529412 -0.35301284
  0.83607843 -0.27921789
  0.87686275 -0.20488363
  0.91764706 -0.13023680
  0.95843137 -0.05549462
  0.99921569  0.01913053
