time =   1.900000
 -0.99921569  0.00405743
 -0.95843137  0.06113313
 -0.91764706  0.11146884
 -0.87686275  0.15989312
 -0.83607843  0.20771007
 -0.79529412  0.25520181
 -0.75450980  0.30239873
 -0.71372549  0.34927270
 -0.67294118  0.39577937
 -0.63215686  0.44186642
 -0.59137255  0.48747462
 -0.55058824  0.53253703
 -0.50980392  0.57697744
 -0.46901961  0.62070821
 -0.42823529  0.66362744
 -0.38745098  0.70561522
 -0.34666667  0.74652852
 -0.30588235  0.78619432
 -0.26509804  0.82439982
 -0.22431373  0.86087243
 -0.18352941  0.89508065
 -0.14274510  0.92762281
 -0.10196078  0.99156506
 -0.06117647  0.68819170
 -0.02039216  2.42158173
  0.02039216 -2.93691091
  0.06117647 -0.65683243
  0.10196078 -0.59512355
  0.14274510 -1.10479554
  0.18352941 -0.97475713
  0.22431373 -0.86366752
  0.26509804 -0.82179000
  0.30588235 -0.78862525
  0.34666667 -0.74535179
  0.38745098 -0.69918562
  0.42823529 -0.65350256
  0.46901961 -0.60745512
  0.50980392 -0.56092127
  0.55058824 -0.51400548
  0.59137255 -0.46676908
  0.63215686 -0.41925963
  0.67294118 -0.37152129
  0.71372549 -0.32359511
  0.75450980 -0.27551949
  0.79529412 -0.22733074
  0.83607843 -0.17906355
  0.87686275 -0.13075111
  0.91764706 -0.08242111
  0.95843137 -0.03404061
  0.99921569  0.01571428
