time =   0.700000
 -0.99921569  0.00431632
 -0.95843137  0.07743250
 -0.91764706  0.13834108
 -0.87686275  0.19749385
 -0.83607843  0.25603411
 -0.79529412  0.31400870
 -0.75450980  0.37133305
 -0.71372549  0.42789408
 -0.67294118  0.48356109
 -0.63215686  0.53818484
 -0.59137255  0.59159345
 -0.55058824  0.64358633
 -0.50980392  0.69392585
 -0.46901961  0.74232590
 -0.42823529  0.78843572
 -0.38745098  0.83181655
 -0.34666667  0.87190677
 -0.30588235  0.90796781
 -0.26509804  0.93899643
 -0.22431373  0.96357461
 -0.18352941  0.97959435
 -0.14274510  0.98369876
 -0.10196078  0.96982381
 -0.06117647  0.92186606
 -0.02039216  0.75021097
  0.02039216  0.01826207
  0.06117647 -1.23522591
  0.10196078 -1.41053240
  0.14274510 -1.11407128
  0.18352941 -1.01938452
  0.22431373 -1.01868499
  0.26509804 -0.99233459
  0.30588235 -0.94424567
  0.34666667 -0.89513672
  0.38745098 -0.84541384
  0.42823529 -0.79382657
  0.46901961 -0.74058781
  0.50980392 -0.68601849
  0.55058824 -0.63033611
  0.59137255 -0.57371515
  0.63215686 -0.51630671
  0.67294118 -0.45824347
  0.71372549 -0.39964354
  0.75450980 -0.34061366
  0.79529412 -0.28125179
  0.83607843 -0.22164926
  0.87686275 -0.16189256
  0.91764706 -0.10206462
  0.95843137 -0.04223309
  0.99921569  0.01847518
