time =   0.500000
 -0.99921569  0.00443401
 -0.95843137  0.08099196
 -0.91764706  0.14408230
 -0.87686275  0.20554015
 -0.83607843  0.26635021
 -0.79529412  0.32650553
 -0.75450980  0.38589556
 -0.71372549  0.44438224
 -0.67294118  0.50180701
 -0.63215686  0.55798839
 -0.59137255  0.61271634
 -0.55058824  0.66574419
 -0.50980392  0.71677770
 -0.46901961  0.76545967
 -0.42823529  0.81134805
 -0.38745098  0.85388385
 -0.34666667  0.89234201
 -0.30588235  0.92575336
 -0.26509804  0.95277319
 -0.22431373  0.97144425
 -0.18352941  0.97872580
 -0.14274510  0.96941778
 -0.10196078  0.93315730
 -0.06117647  0.84382648
 -0.02039216  0.61906644
  0.02039216  0.04472833
  0.06117647 -0.88525505
  0.10196078 -1.33931359
  0.14274510 -1.20270459
  0.18352941 -1.06542908
  0.22431373 -1.03641357
  0.26509804 -1.01475309
  0.30588235 -0.97232776
  0.34666667 -0.92402093
  0.38745098 -0.87396148
  0.42823529 -0.82177871
  0.46901961 -0.76760002
  0.50980392 -0.71176417
  0.55058824 -0.65454896
  0.59137255 -0.59617787
  0.63215686 -0.53684054
  0.67294118 -0.47670169
  0.71372549 -0.41590668
  0.75450980 -0.35458595
  0.79529412 -0.29285844
  0.83607843 -0.23083441
  0.87686275 -0.16861782
  0.91764706 -0.10630822
  0.95843137 -0.04399600
  0.99921569  0.01898315
