time =   0.160000
 -0.98000000  0.00000000
 -0.94000000  0.00000000
 -0.90000000  0.00000000
 -0.86000000  0.00000000
 -0.82000000  0.00000000
 -0.78000000  0.00000000
 -0.74000000  0.00000000
 -0.70000000  0.00000000
 -0.66000000  0.00000000
 -0.62000000  0.00000000
 -0.58000000  0.00000000
 -0.54000000  0.00000000
 -0.50000000  0.00000000
 -0.46000000  0.00000000
 -0.42000000  0.00000000
 -0.38000000  0.00000000
 -0.34000000 -0.00000000
 -0.30000000 -0.00000000
 -0.26000000 -0.00000000
 -0.22000000 -0.00000000
 -0.18000000 -0.00000000
 -0.14000000 -0.00000000
 -0.10000000 -0.00006105
 -0.06000000 -0.01652510
 -0.02000000 -0.49999237
  0.02000000  0.50000763
  0.06000000  0.50603174
  0.10000000  0.52888427
  0.14000000  0.57271605
  0.18000000  0.63254570
  0.22000000  0.70060427
  0.26000000  0.77017697
  0.30000000  0.83592717
  0.34000000  0.89336600
  0.38000000  0.93882276
  0.42000000  0.97024854
  0.46000000  0.98832762
  0.50000000  0.99651555
  0.54000000  0.99926567
  0.58000000  0.99990319
  0.62000000  0.99999400
  0.66000000  1.00000000
  0.70000000  1.00000000
  0.74000000  1.00000000
  0.78000000  1.00000000
  0.82000000  1.00000000
  0.86000000  1.00000000
  0.90000000  1.00000000
  0.94000000  1.00000000
  0.98000000  1.00000000
