time =   0.180000
 -0.98000000  0.00000000
 -0.94000000  0.00000000
 -0.90000000  0.00000000
 -0.86000000  0.00000000
 -0.82000000  0.00000000
 -0.78000000  0.00000000
 -0.74000000  0.00000000
 -0.70000000  0.00000000
 -0.66000000  0.00000000
 -0.62000000  0.00000000
 -0.58000000  0.00000000
 -0.54000000  0.00000000
 -0.50000000  0.00000000
 -0.46000000  0.00000000
 -0.42000000  0.00000000
 -0.38000000  0.00000000
 -0.34000000 -0.00000000
 -0.30000000 -0.00000000
 -0.26000000 -0.00000000
 -0.22000000 -0.00000000
 -0.18000000 -0.00000000
 -0.14000000 -0.00000000
 -0.10000000 -0.00006105
 -0.06000000 -0.01666220
 -0.02000000 -0.49999809
  0.02000000  0.50000191
  0.06000000  0.50338332
  0.10000000  0.51823107
  0.14000000  0.55043897
  0.18000000  0.59869062
  0.22000000  0.65743503
  0.26000000  0.72088412
  0.30000000  0.78429895
  0.34000000  0.84377948
  0.38000000  0.89590754
  0.42000000  0.93780603
  0.46000000  0.96775799
  0.50000000  0.98605503
  0.54000000  0.99518619
  0.58000000  0.99874010
  0.62000000  0.99976662
  0.66000000  0.99997280
  0.70000000  0.99999850
  0.74000000  1.00000000
  0.78000000  1.00000000
  0.82000000  1.00000000
  0.86000000  1.00000000
  0.90000000  1.00000000
  0.94000000  1.00000000
  0.98000000  1.00000000
