time =   0.060000
 -0.98000000  0.00000000
 -0.94000000  0.00000000
 -0.90000000  0.00000000
 -0.86000000  0.00000000
 -0.82000000  0.00000000
 -0.78000000  0.00000000
 -0.74000000  0.00000000
 -0.70000000  0.00000000
 -0.66000000  0.00000000
 -0.62000000  0.00000000
 -0.58000000  0.00000000
 -0.54000000  0.00000000
 -0.50000000  0.00000000
 -0.46000000  0.00000000
 -0.42000000  0.00000000
 -0.38000000  0.00000000
 -0.34000000  0.00000000
 -0.30000000  0.00000000
 -0.26000000  0.00000000
 -0.22000000 -0.00000000
 -0.18000000 -0.00000000
 -0.14000000 -0.00000000
 -0.10000000 -0.00006104
 -0.06000000 -0.01587203
 -0.02000000 -0.49218750
  0.02000000  0.50781250
  0.06000000  0.61522265
  0.10000000  0.75564673
  0.14000000  0.87945030
  0.18000000  0.96026423
  0.22000000  0.99382283
  0.26000000  1.00000000
  0.30000000  1.00000000
  0.34000000  1.00000000
  0.38000000  1.00000000
  0.42000000  1.00000000
  0.46000000  1.00000000
  0.50000000  1.00000000
  0.54000000  1.00000000
  0.58000000  1.00000000
  0.62000000  1.00000000
  0.66000000  1.00000000
  0.70000000  1.00000000
  0.74000000  1.00000000
  0.78000000  1.00000000
  0.82000000  1.00000000
  0.86000000  1.00000000
  0.90000000  1.00000000
  0.94000000  1.00000000
  0.98000000  1.00000000
