time =   0.110000
 -0.98000000  0.00000000
 -0.94000000  0.00000000
 -0.90000000  0.00000000
 -0.86000000  0.00000000
 -0.82000000  0.00000000
 -0.78000000  0.00000000
 -0.74000000  0.00000000
 -0.70000000  0.00000000
 -0.66000000  0.00000000
 -0.62000000  0.00000000
 -0.58000000  0.00000000
 -0.54000000  0.00000000
 -0.50000000  0.00000000
 -0.46000000  0.00000000
 -0.42000000  0.00000000
 -0.38000000  0.00000000
 -0.34000000 -0.00000000
 -0.30000000 -0.00000000
 -0.26000000 -0.00000000
 -0.22000000 -0.00000000
 -0.18000000 -0.00000000
 -0.14000000 -0.00000000
 -0.10000000 -0.00006104
 -0.06000000 -0.01619199
 -0.02000000 -0.49975586
  0.02000000  0.50024414
  0.06000000  0.52587774
  0.10000000  0.58801847
  0.14000000  0.67332748
  0.18000000  0.76473733
  0.22000000  0.84947025
  0.26000000  0.91807690
  0.30000000  0.96457714
  0.34000000  0.98896149
  0.38000000  0.99785633
  0.42000000  0.99980811
  0.46000000  1.00000000
  0.50000000  1.00000000
  0.54000000  1.00000000
  0.58000000  1.00000000
  0.62000000  1.00000000
  0.66000000  1.00000000
  0.70000000  1.00000000
  0.74000000  1.00000000
  0.78000000  1.00000000
  0.82000000  1.00000000
  0.86000000  1.00000000
  0.90000000  1.00000000
  0.94000000  1.00000000
  0.98000000  1.00000000
