time =   0.200000
 -0.98000000  0.00000000
 -0.94000000  0.00000000
 -0.90000000  0.00000000
 -0.86000000  0.00000000
 -0.82000000  0.00000000
 -0.78000000  0.00000000
 -0.74000000  0.00000000
 -0.70000000  0.00000000
 -0.66000000  0.00000000
 -0.62000000  0.00000000
 -0.58000000  0.00000000
 -0.54000000  0.00000000
 -0.50000000  0.00000000
 -0.46000000  0.00000000
 -0.42000000  0.00000000
 -0.38000000  0.00000000
 -0.34000000 -0.00000000
 -0.30000000 -0.00000000
 -0.26000000 -0.00000000
 -0.22000000 -0.00000000
 -0.18000000 -0.00000000
 -0.14000000 -0.00000000
 -0.10000000 -0.00006105
 -0.06000000 -0.01680159
 -0.02000000 -0.49999952
  0.02000000  0.50000048
  0.06000000  0.50189996
  0.10000000  0.51141244
  0.14000000  0.53459988
  0.18000000  0.57271864
  0.22000000  0.62241738
  0.26000000  0.67893955
  0.30000000  0.73802794
  0.34000000  0.79621191
  0.38000000  0.85052431
  0.42000000  0.89827798
  0.46000000  0.93715959
  0.50000000  0.96571338
  0.54000000  0.98399972
  0.58000000  0.99383548
  0.62000000  0.99811330
  0.66000000  0.99956187
  0.70000000  0.99992769
  0.74000000  0.99999245
  0.78000000  0.99999963
  0.82000000  1.00000000
  0.86000000  1.00000000
  0.90000000  1.00000000
  0.94000000  1.00000000
  0.98000000  1.00000000
