time =   0.140000
 -0.98000000  0.00000000
 -0.94000000  0.00000000
 -0.90000000  0.00000000
 -0.86000000  0.00000000
 -0.82000000  0.00000000
 -0.78000000  0.00000000
 -0.74000000  0.00000000
 -0.70000000  0.00000000
 -0.66000000  0.00000000
 -0.62000000  0.00000000
 -0.58000000  0.00000000
 -0.54000000  0.00000000
 -0.50000000  0.00000000
 -0.46000000  0.00000000
 -0.42000000  0.00000000
 -0.38000000  0.00000000
 -0.34000000 -0.00000000
 -0.30000000 -0.00000000
 -0.26000000 -0.00000000
 -0.22000000 -0.00000000
 -0.18000000 -0.00000000
 -0.14000000 -0.00000000
 -0.10000000 -0.00006105
 -0.06000000 -0.01639023
 -0.02000000 -0.49996948
  0.02000000  0.50003052
  0.06000000  0.51077370
  0.10000000  0.54537951
  0.14000000  0.60371483
  0.18000000  0.67623183
  0.22000000  0.75309052
  0.26000000  0.82660938
  0.30000000  0.89064702
  0.34000000  0.94036822
  0.38000000  0.97329909
  0.42000000  0.99080606
  0.46000000  0.99776125
  0.50000000  0.99966064
  0.54000000  0.99997602
  0.58000000  1.00000000
  0.62000000  1.00000000
  0.66000000  1.00000000
  0.70000000  1.00000000
  0.74000000  1.00000000
  0.78000000  1.00000000
  0.82000000  1.00000000
  0.86000000  1.00000000
  0.90000000  1.00000000
  0.94000000  1.00000000
  0.98000000  1.00000000
