time =   0.050000
 -0.98000000  0.00000000
 -0.94000000  0.00000000
 -0.90000000  0.00000000
 -0.86000000  0.00000000
 -0.82000000  0.00000000
 -0.78000000  0.00000000
 -0.74000000  0.00000000
 -0.70000000  0.00000000
 -0.66000000  0.00000000
 -0.62000000  0.00000000
 -0.58000000  0.00000000
 -0.54000000  0.00000000
 -0.50000000  0.00000000
 -0.46000000  0.00000000
 -0.42000000  0.00000000
 -0.38000000  0.00000000
 -0.34000000  0.00000000
 -0.30000000  0.00000000
 -0.26000000  0.00000000
 -0.22000000  0.00000000
 -0.18000000 -0.00000000
 -0.14000000 -0.00000000
 -0.10000000 -0.00006104
 -0.06000000 -0.01580954
 -0.02000000 -0.48437500
  0.02000000  0.51562500
  0.06000000  0.65650510
  0.10000000  0.81323463
  0.14000000  0.93063134
  0.18000000  0.98756839
  0.22000000  1.00000000
  0.26000000  1.00000000
  0.30000000  1.00000000
  0.34000000  1.00000000
  0.38000000  1.00000000
  0.42000000  1.00000000
  0.46000000  1.00000000
  0.50000000  1.00000000
  0.54000000  1.00000000
  0.58000000  1.00000000
  0.62000000  1.00000000
  0.66000000  1.00000000
  0.70000000  1.00000000
  0.74000000  1.00000000
  0.78000000  1.00000000
  0.82000000  1.00000000
  0.86000000  1.00000000
  0.90000000  1.00000000
  0.94000000  1.00000000
  0.98000000  1.00000000
