time =   0.230000
 -0.98000000  0.00000000
 -0.94000000  0.00000000
 -0.90000000  0.00000000
 -0.86000000  0.00000000
 -0.82000000  0.00000000
 -0.78000000  0.00000000
 -0.74000000  0.00000000
 -0.70000000  0.00000000
 -0.66000000  0.00000000
 -0.62000000  0.00000000
 -0.58000000  0.00000000
 -0.54000000  0.00000000
 -0.50000000  0.00000000
 -0.46000000  0.00000000
 -0.42000000  0.00000000
 -0.38000000  0.00000000
 -0.34000000 -0.00000000
 -0.30000000 -0.00000000
 -0.26000000 -0.00000000
 -0.22000000 -0.00000000
 -0.18000000 -0.00000000
 -0.14000000 -0.00000000
 -0.10000000 -0.00006105
 -0.06000000 -0.01701510
 -0.02000000 -0.49999994
  0.02000000  0.50000006
  0.06000000  0.50080051
  0.10000000  0.50557086
  0.14000000  0.51924910
  0.18000000  0.54505007
  0.22000000  0.58244683
  0.26000000  0.62844445
  0.30000000  0.67955716
  0.34000000  0.73274413
  0.38000000  0.78549509
  0.42000000  0.83563039
  0.46000000  0.88112723
  0.50000000  0.92011041
  0.54000000  0.95107793
  0.58000000  0.97333386
  0.62000000  0.98739455
  0.66000000  0.99497154
  0.70000000  0.99835473
  0.74000000  0.99957233
  0.78000000  0.99991527
  0.82000000  0.99998799
  0.86000000  0.99999892
  0.90000000  0.99999995
  0.94000000  1.00000000
  0.98000000  1.00000000
