time =   0.240000
 -0.98000000  0.00000000
 -0.94000000  0.00000000
 -0.90000000  0.00000000
 -0.86000000  0.00000000
 -0.82000000  0.00000000
 -0.78000000  0.00000000
 -0.74000000  0.00000000
 -0.70000000  0.00000000
 -0.66000000  0.00000000
 -0.62000000  0.00000000
 -0.58000000  0.00000000
 -0.54000000  0.00000000
 -0.50000000  0.00000000
 -0.46000000  0.00000000
 -0.42000000  0.00000000
 -0.38000000  0.00000000
 -0.34000000 -0.00000000
 -0.30000000 -0.00000000
 -0.26000000 -0.00000000
 -0.22000000 -0.00000000
 -0.18000000 -0.00000000
 -0.14000000 -0.00000000
 -0.10000000 -0.00006105
 -0.06000000 -0.01708748
 -0.02000000 -0.49999997
  0.02000000  0.50000003
  0.06000000  0.50060024
  0.10000000  0.50437068
  0.14000000  0.51574467
  0.18000000  0.53818508
  0.22000000  0.57190565
  0.26000000  0.61451992
  0.30000000  0.66284328
  0.34000000  0.71396512
  0.38000000  0.76547295
  0.42000000  0.81531149
  0.46000000  0.86160046
  0.50000000  0.90255592
  0.54000000  0.93659141
  0.58000000  0.96262646
  0.62000000  0.98050225
  0.66000000  0.99121645
  0.70000000  0.99666878
  0.74000000  0.99896416
  0.78000000  0.99974384
  0.82000000  0.99995163
  0.86000000  0.99999345
  0.90000000  0.99999943
  0.94000000  0.99999998
  0.98000000  1.00000000
