time =   0.190000
 -0.98000000  0.00000000
 -0.94000000  0.00000000
 -0.90000000  0.00000000
 -0.86000000  0.00000000
 -0.82000000  0.00000000
 -0.78000000  0.00000000
 -0.74000000  0.00000000
 -0.70000000  0.00000000
 -0.66000000  0.00000000
 -0.62000000  0.00000000
 -0.58000000  0.00000000
 -0.54000000  0.00000000
 -0.50000000  0.00000000
 -0.46000000  0.00000000
 -0.42000000  0.00000000
 -0.38000000  0.00000000
 -0.34000000 -0.00000000
 -0.30000000 -0.00000000
 -0.26000000 -0.00000000
 -0.22000000 -0.00000000
 -0.18000000 -0.00000000
 -0.14000000 -0.00000000
 -0.10000000 -0.00006105
 -0.06000000 -0.01673161
 -0.02000000 -0.49999905
  0.02000000  0.50000095
  0.06000000  0.50253510
  0.10000000  0.51443890
  0.14000000  0.54183407
  0.18000000  0.58482877
  0.22000000  0.63898744
  0.26000000  0.69902085
  0.30000000  0.76043622
  0.34000000  0.81956974
  0.38000000  0.87323591
  0.42000000  0.91859857
  0.46000000  0.95348915
  0.50000000  0.97711778
  0.54000000  0.99066343
  0.58000000  0.99696854
  0.62000000  0.99925375
  0.66000000  0.99986973
  0.70000000  0.99998565
  0.74000000  0.99999925
  0.78000000  1.00000000
  0.82000000  1.00000000
  0.86000000  1.00000000
  0.90000000  1.00000000
  0.94000000  1.00000000
  0.98000000  1.00000000
