time =   0.150000
 -0.98000000  0.00000000
 -0.94000000  0.00000000
 -0.90000000  0.00000000
 -0.86000000  0.00000000
 -0.82000000  0.00000000
 -0.78000000  0.00000000
 -0.74000000  0.00000000
 -0.70000000  0.00000000
 -0.66000000  0.00000000
 -0.62000000  0.00000000
 -0.58000000  0.00000000
 -0.54000000  0.00000000
 -0.50000000  0.00000000
 -0.46000000  0.00000000
 -0.42000000  0.00000000
 -0.38000000  0.00000000
 -0.34000000 -0.00000000
 -0.30000000 -0.00000000
 -0.26000000 -0.00000000
 -0.22000000 -0.00000000
 -0.18000000 -0.00000000
 -0.14000000 -0.00000000
 -0.10000000 -0.00006105
 -0.06000000 -0.01645739
 -0.02000000 -0.49998474
  0.02000000  0.50001526
  0.06000000  0.50805888
  0.10000000  0.53624225
  0.14000000  0.58695663
  0.18000000  0.65302736
  0.22000000  0.72562656
  0.26000000  0.79757495
  0.30000000  0.86315476
  0.34000000  0.91760815
  0.38000000  0.95754441
  0.42000000  0.98220968
  0.46000000  0.99430353
  0.50000000  0.99871217
  0.54000000  0.99981836
  0.58000000  0.99998801
  0.62000000  1.00000000
  0.66000000  1.00000000
  0.70000000  1.00000000
  0.74000000  1.00000000
  0.78000000  1.00000000
  0.82000000  1.00000000
  0.86000000  1.00000000
  0.90000000  1.00000000
  0.94000000  1.00000000
  0.98000000  1.00000000
