time =   0.210000
 -0.98000000  0.00000000
 -0.94000000  0.00000000
 -0.90000000  0.00000000
 -0.86000000  0.00000000
 -0.82000000  0.00000000
 -0.78000000  0.00000000
 -0.74000000  0.00000000
 -0.70000000  0.00000000
 -0.66000000  0.00000000
 -0.62000000  0.00000000
 -0.58000000  0.00000000
 -0.54000000  0.00000000
 -0.50000000  0.00000000
 -0.46000000  0.00000000
 -0.42000000  0.00000000
 -0.38000000  0.00000000
 -0.34000000 -0.00000000
 -0.30000000 -0.00000000
 -0.26000000 -0.00000000
 -0.22000000 -0.00000000
 -0.18000000 -0.00000000
 -0.14000000 -0.00000000
 -0.10000000 -0.00006105
 -0.06000000 -0.01687216
 -0.02000000 -0.49999976
  0.02000000  0.50000024
  0.06000000  0.50142419
  0.10000000  0.50900266
  0.14000000  0.52853629
  0.18000000  0.56216623
  0.22000000  0.60756819
  0.26000000  0.66055067
  0.30000000  0.71709636
  0.34000000  0.77389487
  0.38000000  0.82816476
  0.42000000  0.87740005
  0.46000000  0.91931840
  0.50000000  0.95212982
  0.54000000  0.97508644
  0.58000000  0.98897210
  0.62000000  0.99598300
  0.66000000  0.99883843
  0.70000000  0.99974483
  0.74000000  0.99996007
  0.78000000  0.99999604
  0.82000000  0.99999981
  0.86000000  1.00000000
  0.90000000  1.00000000
  0.94000000  1.00000000
  0.98000000  1.00000000
