time =   0.170000
 -0.98000000  0.00000000
 -0.94000000  0.00000000
 -0.90000000  0.00000000
 -0.86000000  0.00000000
 -0.82000000  0.00000000
 -0.78000000  0.00000000
 -0.74000000  0.00000000
 -0.70000000  0.00000000
 -0.66000000  0.00000000
 -0.62000000  0.00000000
 -0.58000000  0.00000000
 -0.54000000  0.00000000
 -0.50000000  0.00000000
 -0.46000000  0.00000000
 -0.42000000  0.00000000
 -0.38000000  0.00000000
 -0.34000000 -0.00000000
 -0.30000000 -0.00000000
 -0.26000000 -0.00000000
 -0.22000000 -0.00000000
 -0.18000000 -0.00000000
 -0.14000000 -0.00000000
 -0.10000000 -0.00006105
 -0.06000000 -0.01659336
 -0.02000000 -0.49999619
  0.02000000  0.50000381
  0.06000000  0.50451662
  0.10000000  0.52297166
  0.14000000  0.56064477
  0.18000000  0.61451810
  0.22000000  0.67792120
  0.26000000  0.74459542
  0.30000000  0.80952676
  0.34000000  0.86853386
  0.38000000  0.91800142
  0.42000000  0.95525003
  0.46000000  0.97947531
  0.50000000  0.99245261
  0.54000000  0.99789351
  0.58000000  0.99958456
  0.62000000  0.99994860
  0.66000000  0.99999700
  0.70000000  1.00000000
  0.74000000  1.00000000
  0.78000000  1.00000000
  0.82000000  1.00000000
  0.86000000  1.00000000
  0.90000000  1.00000000
  0.94000000  1.00000000
  0.98000000  1.00000000
