time =   0.220000
 -0.98000000  0.00000000
 -0.94000000  0.00000000
 -0.90000000  0.00000000
 -0.86000000  0.00000000
 -0.82000000  0.00000000
 -0.78000000  0.00000000
 -0.74000000  0.00000000
 -0.70000000  0.00000000
 -0.66000000  0.00000000
 -0.62000000  0.00000000
 -0.58000000  0.00000000
 -0.54000000  0.00000000
 -0.50000000  0.00000000
 -0.46000000  0.00000000
 -0.42000000  0.00000000
 -0.38000000  0.00000000
 -0.34000000 -0.00000000
 -0.30000000 -0.00000000
 -0.26000000 -0.00000000
 -0.22000000 -0.00000000
 -0.18000000 -0.00000000
 -0.14000000 -0.00000000
 -0.10000000 -0.00006105
 -0.06000000 -0.01694333
 -0.02000000 -0.49999988
  0.02000000  0.50000012
  0.06000000  0.50106769
  0.10000000  0.50708829
  0.14000000  0.52346956
  0.18000000  0.55299617
  0.22000000  0.59429113
  0.26000000  0.64375365
  0.30000000  0.69762136
  0.34000000  0.75272335
  0.38000000  0.80642886
  0.42000000  0.85640655
  0.46000000  0.90048953
  0.50000000  0.93677860
  0.54000000  0.96402585
  0.58000000  0.98215404
  0.62000000  0.99250392
  0.66000000  0.99741441
  0.70000000  0.99929195
  0.74000000  0.99985247
  0.78000000  0.99997806
  0.82000000  0.99999793
  0.86000000  0.99999991
  0.90000000  1.00000000
  0.94000000  1.00000000
  0.98000000  1.00000000
