time =   0.120000
 -0.98000000  0.00000000
 -0.94000000  0.00000000
 -0.90000000  0.00000000
 -0.86000000  0.00000000
 -0.82000000  0.00000000
 -0.78000000  0.00000000
 -0.74000000  0.00000000
 -0.70000000  0.00000000
 -0.66000000  0.00000000
 -0.62000000  0.00000000
 -0.58000000  0.00000000
 -0.54000000  0.00000000
 -0.50000000  0.00000000
 -0.46000000  0.00000000
 -0.42000000  0.00000000
 -0.38000000  0.00000000
 -0.34000000 -0.00000000
 -0.30000000 -0.00000000
 -0.26000000 -0.00000000
 -0.22000000 -0.00000000
 -0.18000000 -0.00000000
 -0.14000000 -0.00000000
 -0.10000000 -0.00006104
 -0.06000000 -0.01625754
 -0.02000000 -0.49987793
  0.02000000  0.50012207
  0.06000000  0.51930194
  0.10000000  0.57071389
  0.14000000  0.64642644
  0.18000000  0.73187401
  0.22000000  0.81527612
  0.26000000  0.88776053
  0.30000000  0.94269117
  0.34000000  0.97705255
  0.38000000  0.99343822
  0.42000000  0.99883336
  0.46000000  0.99990407
  0.50000000  1.00000000
  0.54000000  1.00000000
  0.58000000  1.00000000
  0.62000000  1.00000000
  0.66000000  1.00000000
  0.70000000  1.00000000
  0.74000000  1.00000000
  0.78000000  1.00000000
  0.82000000  1.00000000
  0.86000000  1.00000000
  0.90000000  1.00000000
  0.94000000  1.00000000
  0.98000000  1.00000000
